,DQF-00358,DQF-00248,DAF-00396,DHF-01055,DHF-01159,DAF-00280,DAF-00349,DAF-00442,DHF-01440,DAF-00351,DAF-00416,DCF-00198,DCF-00199,DCF-00104,DAF-00482,DCF-00197,DC2-00001,DAF-00367,DAF-00281,DAF-00419,DHF-01444,DAF-00437,DAF-00350,DHF-01540,DHF-01528,DCF-00173,DHF-01332,DHF-01334,DHF-01030,DAF-00283,DDF-00078,DHF-00847,DAF-00375,DAF-00399,DAF-00420,DAF-00443,DAF-00288,DAF-00502,DAF-00498,DHF-01406,DQF-00362,DAF-00517,DAF-00518,DAF-00491,DAF-00444,DHF-01530,DAF-00516,DAF-00512,DHF-01437,DAF-00284,DCF-00206,DHF-01436,DDF-00122,DHF-01438,DAF-00499,DAF-00488,DHF-01439,DHF-01441,DHF-01038,DHF-01550,DCF-00203,DAF-00451,DHF-01333,DAF-00448,DHF-01031,DAF-00460,DHF-00826,DAF-00464,DHF-01242,DAF-00385,DAF-00449,DHF-01529,DHF-01029,DHF-01037,DAF-00465,DHF-00927,DAF-00462,DHF-00881,DCF-00205,DAF-00450,DCF-00204,DAF-00504,DR5-00001,DHF-01331,DHF-01512,DCF-00252,DHF-01056,DAF-00255,DHF-00533,DAF-00503,DHF-00890,DHF-00905,DHF-00904,DHF-00894,DCF-00253,DHF-01080,DCF-00087,DCF-00085,DCF-00086,DCF-00254,DHF-00907
DQF-00358,1.0,0.09467621366623018,0.0,0.03520893951097651,0.06500270850261593,0.0,0.0,0.044946657497549475,0.0,0.0,0.031414043121877164,0.0,0.0,0.0,0.0,0.0,0.0,0.0,0.0,0.04714045207910317,0.0,0.0,0.0,0.0,0.0,0.0,0.0,0.0,0.0,0.0,0.0,0.0,0.0,0.0,0.0,0.0,0.04309971159206156,0.0,0.0,0.0,0.12691486339407046,0.0467065399339359,0.048795003647426664,0.0,0.0,0.09596105247487252,0.0,0.0,0.0,0.0,0.0,0.0,0.0,0.0,0.0,0.0,0.0,0.0,0.0,0.0,0.0,0.0,0.0,0.02780639991600243,0.0,0.0,0.0,0.0,0.0,0.0,0.0,0.0,0.0,0.0,0.0,0.0,0.0,0.0,0.0,0.0,0.0,0.0,0.0,0.0,0.0,0.0,0.0,0.0,0.0,0.0,0.0,0.0,0.0,0.0,0.0,0.0,0.0,0.0,0.0,0.0,0.0
DQF-00248,0.09467621366623018,1.0,0.12898433165864914,0.0,0.030771051595386713,0.1248328674355025,0.39696836006484865,0.212768967441043,0.049071180301212554,0.18667163946336066,0.29493779699042855,0.0,0.0,0.02632881644813372,0.2279535349827936,0.0,0.036852666188185466,0.09588232870621594,0.160689880160337,0.26220592141012655,0.030556616567607043,0.12222646627042817,0.19235836939854495,0.0,0.04132621611321178,0.03905194574193374,0.01711512864596019,0.0,0.015439988006221976,0.11649600851904139,0.06832667180756566,0.1329806046506519,0.17044095077082275,0.08469100304102797,0.1336851974832808,0.0940899776044379,0.35704528156875526,0.14189626332752475,0.11386026533863143,0.1740673539787126,0.01001318227009786,0.03095398848076939,0.011549315477920617,0.18055261447896512,0.12056344366062481,0.018583423174937774,0.0,0.0,0.01972421118046462,0.09588232870621594,0.0,0.016016018904674106,0.0,0.01323140310062408,0.10249000771134847,0.13828346102446173,0.021606790785072147,0.0,0.0,0.0,0.0,0.13211031413252305,0.015957672558078225,0.28519883813807645,0.0,0.2148144675942848,0.023098630955841234,0.14769031341010072,0.08926159026727712,0.08282943498909671,0.11235531208237516,0.0,0.014316425279852692,0.0,0.089200929988258,0.0,0.08678652919404432,0.0,0.0,0.13920187724940272,0.0,0.07944720307577831,0.017022663741204886,0.0,0.0250008681007694,0.0,0.0,0.0,0.0,0.12234215627859973,0.0,0.0,0.0,0.0,0.009942991232100195,0.0,0.0,0.01711512864596019,0.0,0.0,0.0
DAF-00396,0.0,0.12898433165864914,1.0,0.0,0.0,0.08398387664337816,0.03237195408151635,0.06560798513518475,0.0,0.07427198887778831,0.0,0.0,0.0,0.0,0.042174116783665,0.0,0.0,0.0,0.0,0.04128614119223852,0.0,0.0,0.0,0.0,0.0,0.0,0.0,0.0,0.0,0.0,0.0,0.0,0.0,0.09642365197998376,0.13191121325277158,0.0,0.11743577988830127,0.0,0.0,0.0,0.0,0.0,0.0,0.059385568684867183,0.0,0.0,0.0,0.0,0.0,0.0,0.0,0.0,0.0,0.0,0.0,0.0,0.0,0.0,0.0,0.0,0.0,0.07242068243779014,0.0,0.07576538541439333,0.0,0.04478110755198991,0.0,0.0,0.0,0.0,0.06396021490668312,0.0,0.0,0.0,0.0,0.0,0.0,0.0,0.0,0.09811049102515929,0.0,0.0,0.0,0.0,0.0,0.0,0.0,0.0,0.0,0.0,0.0,0.0,0.0,0.0,0.0,0.0,0.0,0.0,0.0,0.0,0.0
DHF-01055,0.03520893951097651,0.0,0.0,1.0,0.5492823436123784,0.0,0.0,0.0,0.0,0.0,0.029494803841956824,0.0,0.0,0.0,0.0,0.0,0.0,0.0,0.0,0.0,0.0,0.0,0.0,0.0,0.0,0.0,0.0,0.0,0.0,0.0,0.0,0.0,0.0,0.0,0.0,0.0,0.0,0.0,0.0,0.0,0.3649305827766635,0.38152115551782234,0.29206345641622106,0.0,0.0,0.5098745673377939,0.14197614717146007,0.14599183064490293,0.0,0.0,0.0,0.0,0.042271868634116104,0.0,0.0,0.0,0.0,0.0,0.0,0.0,0.0,0.0,0.0,0.0,0.0,0.0,0.12026142323020866,0.0,0.0,0.0,0.0,0.0642824346533225,0.0,0.0,0.0,0.0,0.0,0.0,0.0,0.0,0.0,0.0,0.0,0.0,0.0,0.0,0.22360679774997896,0.13062203783765447,0.0,0.0,0.0,0.0,0.0,0.0,0.0,0.0,0.047475724351553956,0.0,0.041590519181619455,0.0,0.0
DHF-01159,0.06500270850261593,0.030771051595386713,0.0,0.5492823436123784,1.0,0.0,0.0,0.021912408566100935,0.0,0.0,0.034033298132333134,0.0,0.0,0.0,0.0,0.0,0.0,0.0,0.0,0.0,0.0,0.0,0.0,0.0,0.04673317896361899,0.0,0.0,0.0,0.0,0.0,0.0,0.0,0.0,0.0,0.0,0.0,0.028015979891655936,0.0,0.0,0.029877751317741445,0.3093678701195281,0.3521819856570053,0.19030844390866536,0.0,0.0,0.3685930371871309,0.06552905481599207,0.1540171257313038,0.0,0.0,0.0,0.0,0.08779756624183897,0.0,0.0,0.0,0.0,0.0,0.0,0.0,0.0,0.0,0.0,0.0,0.0,0.0,0.09515422195433268,0.0,0.0,0.0,0.0,0.05933908290969266,0.0,0.0,0.0,0.0,0.0,0.0,0.0,0.0,0.0,0.0,0.0,0.0,0.030515685756243242,0.0,0.16888199063418033,0.18086570557453926,0.0,0.0,0.0,0.0,0.0,0.0,0.0,0.0,0.0,0.0,0.0,0.0,0.0
DAF-00280,0.0,0.1248328674355025,0.08398387664337816,0.0,0.0,1.0,0.04984324030193146,0.0,0.0,0.0,0.045185642484658346,0.0,0.0,0.0,0.06926471828716478,0.0,0.0,0.0,0.12519577145903357,0.0,0.0,0.0,0.07541801980050405,0.0,0.0,0.0,0.0,0.0,0.0,0.1132730943577198,0.0,0.0,0.0,0.15836151649297917,0.0,0.1072112534837795,0.06199419003899315,0.0,0.0,0.0,0.0,0.0,0.0,0.0,0.12211250217453272,0.0,0.0,0.0,0.0,0.18208926018230742,0.0,0.0,0.0,0.0,0.0,0.0,0.0,0.0,0.0,0.0,0.0,0.0,0.0,0.0,0.0,0.0,0.0,0.0,0.0,0.0,0.0,0.0,0.0,0.0,0.0,0.0,0.0,0.0,0.0,0.0,0.0,0.0,0.0,0.0,0.0,0.0,0.0,0.0,0.0,0.0,0.0,0.0,0.0,0.0,0.0,0.0,0.0,0.0,0.0,0.0,0.0
DAF-00349,0.0,0.39696836006484865,0.03237195408151635,0.0,0.0,0.04984324030193146,1.0,0.1635371185276296,0.0,0.18513336483908854,0.06531376626023969,0.0,0.0,0.0,0.2302736124687838,0.0,0.0,0.052640328759672485,0.0868630678689268,0.09311041032584418,0.0,0.03220968762570114,0.3161385005054385,0.0,0.0,0.0,0.0,0.0,0.0,0.11461173065484825,0.04801536737673436,0.0,0.15290346596134255,0.06867128475389923,0.040262109532126424,0.08265009698316582,0.24493331128658405,0.08596129690236806,0.052640328759672485,0.025483910993557093,0.0,0.0,0.0,0.10573347964141908,0.07942860040630748,0.0,0.0,0.0,0.0,0.07369646026354147,0.0,0.016882463566786056,0.0,0.0,0.04801536737673436,0.07591896180011234,0.0,0.0,0.0,0.0,0.0,0.0,0.0,0.11562604008700465,0.0,0.10099241969834155,0.0,0.044735677257918244,0.029403287471319213,0.044774560948229895,0.0,0.0,0.0,0.0,0.0,0.0,0.0,0.0,0.0,0.029113592845163547,0.0,0.0536828127095019,0.0,0.0,0.0,0.0,0.0,0.0,0.0,0.056069869209473,0.0,0.0,0.0,0.0,0.0,0.0,0.0,0.0,0.0,0.0,0.0
DAF-00442,0.044946657497549475,0.212768967441043,0.06560798513518475,0.0,0.021912408566100935,0.0,0.1635371185276296,1.0,0.0,0.12864285831551994,0.02823912473624525,0.0,0.0,0.0,0.06493130047435654,0.0,0.0,0.10241831129983783,0.04694525268130202,0.03972760788523301,0.0,0.0,0.08837454020503364,0.0,0.020773312081168813,0.0,0.0,0.0,0.0,0.039819890490142416,0.0,0.045454545454545456,0.041318433837920436,0.07422696190252055,0.09791868147508004,0.0,0.125917218386151,0.06968683416725756,0.0,0.041318433837920436,0.0,0.0,0.0,0.045715032088249445,0.0,0.0,0.0,0.0,0.0,0.0,0.0,0.0,0.0,0.0,0.0,0.0861640436855329,0.0,0.0,0.0,0.0,0.0,0.04181210050035454,0.0,0.10623340232747822,0.0,0.09479940983242018,0.0,0.0,0.0,0.054446550648047085,0.0,0.0,0.0,0.0,0.0,0.0,0.0,0.0,0.0,0.10384755040678714,0.0,0.05222329678670935,0.0,0.0,0.0,0.0,0.0,0.0,0.0,0.0,0.0,0.0,0.0,0.0,0.0,0.0,0.0,0.0,0.0,0.0,0.0
DHF-01440,0.0,0.049071180301212554,0.0,0.0,0.0,0.0,0.0,0.0,1.0,0.0,0.0,0.0,0.0,0.08471737420873575,0.0,0.0,0.0,0.0,0.0,0.0,0.305887645160749,0.0,0.0,0.0,0.05475400745557385,0.0,0.0,0.0,0.0,0.0,0.0,0.0,0.0,0.0,0.0,0.0,0.0,0.0,0.0,0.0,0.0,0.0,0.0,0.0,0.0,0.0,0.0,0.0,0.0,0.0,0.0,0.07214791053658227,0.0,0.0,0.0,0.0,0.0,0.5090278103806222,0.0,0.0,0.0,0.0,0.0,0.0,0.0,0.0,0.0,0.0,0.0,0.0,0.0,0.0,0.0,0.0,0.0,0.0,0.0,0.0,0.0,0.0,0.0,0.0,0.0,0.0,0.06256792741924412,0.0,0.0,0.0,0.0,0.0,0.0,0.0,0.0,0.0,0.0,0.0,0.0,0.0,0.0,0.0,0.0
DAF-00351,0.0,0.18667163946336066,0.07427198887778831,0.0,0.0,0.0,0.18513336483908854,0.12864285831551994,0.0,1.0,0.02397622736783401,0.0,0.0,0.0,0.1837648579176322,0.0,0.0,0.0,0.05314470910554976,0.03597913814805773,0.0,0.0,0.2401080729547181,0.0,0.0,0.0,0.0,0.0,0.0,0.060104522490764825,0.0,0.0,0.04677482858427089,0.10503645397539192,0.06158307988526832,0.132738695597334,0.14254548778213924,0.0,0.0,0.0,0.0,0.0,0.0,0.03881402181239959,0.09719228129551709,0.0,0.0,0.0,0.0,0.0,0.0,0.0,0.0,0.0,0.13219579477176954,0.06967330142916175,0.0,0.0,0.0,0.0,0.0,0.07888947910127371,0.0,0.09196527524378753,0.0,0.10731835001770904,0.0,0.0,0.0,0.0,0.11147728228665882,0.0,0.0,0.0,0.0,0.0,0.0,0.0,0.0,0.06412437942429183,0.0,0.07882634225314346,0.0,0.0,0.0,0.0,0.0,0.0,0.0,0.0,0.0,0.0,0.0,0.0,0.0,0.0,0.0,0.0,0.0,0.0,0.0
DAF-00416,0.031414043121877164,0.29493779699042855,0.0,0.029494803841956824,0.034033298132333134,0.045185642484658346,0.06531376626023969,0.02823912473624525,0.0,0.02397622736783401,1.0,0.0,0.0,0.0,0.03781806380100323,0.0,0.0,0.06362847629757777,0.03281089794448554,0.0962566926358525,0.0,0.0,0.024706634677146837,0.0,0.0,0.0,0.0,0.0,0.020492262216511868,0.0,0.0,0.0564782494724905,0.03850428143282595,0.0518785847899556,0.0,0.0,0.0902624132328994,0.03896432500995984,0.0,0.11551284429847786,0.0199345449573424,0.041082755267633525,0.0,0.053251790355288126,0.0,0.032885723350542136,0.0,0.0,0.0,0.0,0.0,0.0,0.0,0.0,0.0,0.034412360080584264,0.0,0.0,0.0,0.026549712202679574,0.0,0.0,0.0,0.15140865064441336,0.0,0.05621809954278311,0.0,0.0,0.10366105360784116,0.0,0.04588314677411235,0.0,0.0,0.0,0.0,0.0,0.0,0.0,0.0,0.052786150730834015,0.0,0.04866642633922876,0.0,0.0,0.0,0.0,0.0,0.0,0.0,0.0,0.0,0.0,0.0,0.0,0.0,0.0,0.0,0.0,0.0,0.0,0.0
DCF-00198,0.0,0.0,0.0,0.0,0.0,0.0,0.0,0.0,0.0,0.0,0.0,1.0,0.686243566496721,0.0,0.0,0.6432019047938815,0.0,0.0,0.0,0.0,0.0,0.0,0.0,0.0,0.04852853938179541,0.0,0.27760292414333837,0.2227384185558818,0.0,0.0,0.0,0.0,0.0,0.0,0.0,0.0,0.02545574229995016,0.0,0.0,0.0,0.0,0.0,0.0,0.0,0.0,0.0,0.0,0.0,0.0,0.0,0.14159136794714974,0.0,0.0,0.0,0.0,0.0,0.0,0.0,0.0,0.0,0.12535305264097504,0.0,0.18582615562066462,0.0,0.0,0.0,0.0,0.0,0.0,0.0,0.0,0.0,0.0,0.0,0.0,0.0,0.0,0.0,0.15466177866794012,0.0,0.12199885626608374,0.0,0.1132730943577198,0.3062653255143375,0.05545402557549261,0.0,0.0,0.0,0.21566554640687682,0.0,0.0,0.0,0.0,0.0,0.0,0.0,0.0,0.06406221326384731,0.0,0.0,0.0
DCF-00199,0.0,0.0,0.0,0.0,0.0,0.0,0.0,0.0,0.0,0.0,0.0,0.686243566496721,1.0,0.0,0.0,0.7029594915666377,0.0,0.0,0.0,0.0,0.0,0.0,0.0,0.0,0.0,0.0,0.23338001400466832,0.18257418583505539,0.0,0.0,0.0,0.0,0.0,0.0,0.0,0.0,0.0,0.0,0.0,0.0,0.0,0.0,0.0,0.0,0.0,0.0,0.0,0.0,0.0,0.0,0.15474611514754325,0.0,0.0,0.0,0.0,0.0,0.0,0.0,0.0,0.0,0.19179881852291683,0.0,0.14506471329641488,0.0,0.0,0.0,0.0,0.0,0.0,0.0,0.0,0.0,0.0,0.0,0.0,0.0,0.0,0.0,0.253546276418555,0.0,0.16666666666666666,0.0,0.09284766908852594,0.21300321680756462,0.0,0.0,0.0,0.0,0.23570226039551584,0.0,0.0,0.0,0.0,0.0,0.0,0.0,0.0,0.0,0.0,0.0,0.0
DCF-00104,0.0,0.02632881644813372,0.0,0.0,0.0,0.0,0.0,0.0,0.08471737420873575,0.0,0.0,0.0,0.0,1.0,0.0,0.0,0.0,0.0,0.0,0.0,0.12309149097933272,0.0,0.0,0.0,0.03917053290746373,0.08989331499509895,0.051708768999501914,0.0,0.04146469423807486,0.0,0.0,0.0,0.0,0.0,0.0,0.0,0.0,0.0,0.0,0.0,0.0,0.0,0.0,0.0,0.0,0.0,0.0,0.0,0.3337119062359573,0.0,0.0,0.32258735880781825,0.04292728552741069,0.1421338109037403,0.0,0.0,0.2088931871468374,0.0,0.0,0.0,0.0,0.0,0.0,0.0,0.0,0.0,0.0,0.0,0.0,0.0,0.0,0.0,0.0,0.0,0.0,0.1256297269074015,0.0,0.26967994498529685,0.0,0.0,0.0,0.0,0.0,0.0,0.0,0.0,0.0,0.0,0.0,0.0,0.0,0.0,0.0,0.0,0.18691605444209344,0.0,0.0,0.0,0.0,0.0,0.0
DAF-00482,0.0,0.2279535349827936,0.042174116783665,0.0,0.0,0.06926471828716478,0.2302736124687838,0.06493130047435654,0.0,0.1837648579176322,0.03781806380100323,0.0,0.0,0.0,1.0,0.0,0.0,0.0,0.03772167680771589,0.02553769592276246,0.0,0.0,0.15149042896247414,0.0,0.0,0.0,0.0,0.0,0.0,0.08532339005095652,0.0,0.0,0.04426718410388723,0.0,0.05828155051501961,0.1076763804116331,0.11933769759850177,0.04479608200736647,0.0,0.0,0.0,0.0,0.0,0.036733163998372564,0.09198170767925039,0.0,0.0,0.0,0.0,0.0731516955959455,0.0,0.0,0.0,0.0,0.0,0.0,0.0,0.0,0.0,0.0,0.0,0.0,0.0,0.060254949152376246,0.0,0.05539904068158489,0.0,0.0,0.0,0.0,0.0,0.0,0.0,0.0,0.0,0.0,0.0,0.0,0.0,0.06068660849090084,0.0,0.0,0.0,0.0,0.0,0.0,0.0,0.0,0.0,0.0,0.0,0.0,0.0,0.0,0.0,0.0,0.0,0.0,0.0,0.0,0.0
DCF-00197,0.0,0.0,0.0,0.0,0.0,0.0,0.0,0.0,0.0,0.0,0.0,0.6432019047938815,0.7029594915666377,0.0,0.0,1.0,0.0,0.0,0.0,0.0,0.0,0.0,0.0,0.0,0.0,0.0,0.2044398826909146,0.2073221072156823,0.0,0.0,0.0,0.0,0.0,0.0,0.0,0.0,0.027078723969869815,0.0,0.0,0.0,0.0,0.0,0.0,0.0,0.0,0.032885723350542136,0.0,0.0,0.0,0.0,0.18074256993863339,0.0,0.0,0.0,0.0,0.0,0.0,0.0,0.0,0.0,0.18668326147193273,0.0,0.14119562368122626,0.0,0.0,0.0,0.0,0.0,0.0,0.0,0.0,0.0,0.0,0.0,0.0,0.0,0.0,0.0,0.13710212427677043,0.0,0.16222142113076254,0.0,0.0,0.14808721943977307,0.0,0.0,0.0,0.0,0.305887645160749,0.0,0.0,0.0,0.0,0.0,0.0,0.0,0.08471737420873575,0.0,0.0,0.0,0.0
DC2-00001,0.0,0.036852666188185466,0.0,0.0,0.0,0.0,0.0,0.0,0.0,0.0,0.0,0.0,0.0,0.0,0.0,0.0,1.0,0.0,0.0,0.0,0.0,0.0,0.0,0.0,0.0,0.0,0.0,0.0,0.0,0.0,0.0,0.0,0.0,0.0,0.0,0.0,0.0,0.0,0.0,0.0,0.0,0.0,0.0,0.0,0.0,0.0,0.0,0.0,0.0,0.0,0.0,0.0,0.0,0.0,0.0,0.0,0.0,0.0,0.0,0.0,0.0,0.0,0.0,0.0,0.0,0.0,0.0,0.0,0.0,0.0,0.0,0.0,0.0,0.0,0.0,0.0,0.0,0.0,0.0,0.0,0.0,0.0,0.0,0.0,0.0,0.0,0.0,0.0,0.0,0.0,0.0,0.0,0.0,0.0,0.0,0.0,0.0,0.0,0.0,0.0,0.0
DAF-00367,0.0,0.09588232870621594,0.0,0.0,0.0,0.0,0.052640328759672485,0.10241831129983783,0.0,0.0,0.06362847629757777,0.0,0.0,0.0,0.0,0.0,0.0,1.0,0.0,0.0,0.0,0.0,0.0,0.0,0.0,0.0,0.0,0.0,0.0,0.0,0.0,0.0,0.0,0.0,0.0,0.0,0.032736580979424744,0.0,0.0,0.06982410961735916,0.0,0.0,0.0,0.0,0.0,0.0,0.0,0.0,0.0,0.0,0.0,0.0,0.0,0.0,0.0,0.08320502943378437,0.0,0.0,0.0,0.0,0.0,0.0,0.0,0.0,0.0,0.07767356373806174,0.0,0.0,0.17902871850985821,0.0,0.0,0.0,0.0,0.0,0.0,0.0,0.0,0.0,0.0,0.0,0.0,0.0,0.0,0.0,0.0,0.0,0.0,0.0,0.0,0.0,0.0,0.0,0.0,0.0,0.0,0.0,0.0,0.0,0.0,0.0,0.0
DAF-00281,0.0,0.160689880160337,0.0,0.0,0.0,0.12519577145903357,0.0868630678689268,0.04694525268130202,0.0,0.05314470910554976,0.03281089794448554,0.0,0.0,0.0,0.03772167680771589,0.0,0.0,0.0,1.0,0.03692744729379982,0.0,0.0,0.06845462448856662,0.0,0.03218187669437446,0.0,0.0,0.0,0.0,0.12337741817289975,0.0,0.0,0.0,0.0,0.0,0.1297498240269205,0.09753505796206502,0.0,0.0,0.0,0.0,0.0,0.0,0.0,0.17734043940858907,0.0,0.0,0.0,0.0,0.15866576560438353,0.0,0.0,0.0,0.0,0.0,0.0,0.0,0.0,0.0,0.0,0.0,0.0,0.0,0.05808567501533299,0.0,0.0,0.0,0.0,0.0,0.0,0.0,0.0,0.0,0.0,0.0,0.0,0.0,0.0,0.0,0.0,0.0,0.0,0.0,0.0,0.0,0.0,0.0,0.0,0.0,0.0,0.0,0.0,0.0,0.0,0.0,0.0,0.0,0.0,0.0,0.0,0.0
DAF-00419,0.04714045207910317,0.26220592141012655,0.04128614119223852,0.0,0.0,0.0,0.09311041032584418,0.03972760788523301,0.0,0.03597913814805773,0.0962566926358525,0.0,0.0,0.0,0.02553769592276246,0.0,0.0,0.0,0.03692744729379982,1.0,0.0,0.0,0.0,0.0,0.0,0.0,0.0,0.0,0.0,0.0,0.0,0.0,0.05416892375217994,0.0,0.07987620630283672,0.0,0.11682504361340286,0.0,0.0,0.04333513900174395,0.0,0.0,0.0,0.07191949522280762,0.04502251688907481,0.0,0.0,0.0,0.0,0.0,0.0,0.0,0.0,0.0,0.0,0.0,0.0,0.0,0.0,0.0,0.0,0.0,0.0,0.05898628182297108,0.0,0.07231015260621873,0.0,0.0,0.05,0.0,0.0,0.0,0.0,0.0,0.0,0.0,0.0,0.0,0.0,0.02970442628930023,0.0,0.054772255750516606,0.0,0.0,0.0,0.0,0.0,0.0,0.0,0.04767312946227961,0.0,0.0,0.0,0.0,0.0,0.0,0.0,0.0,0.0,0.0,0.0
DHF-01444,0.0,0.030556616567607043,0.0,0.0,0.0,0.0,0.0,0.0,0.305887645160749,0.0,0.0,0.0,0.0,0.12309149097933272,0.0,0.0,0.0,0.0,0.0,0.0,1.0,0.0,0.0,0.0,0.0,0.0,0.0,0.0,0.0,0.0,0.0,0.0,0.0,0.0,0.0,0.0,0.0,0.0,0.0,0.0,0.0,0.0,0.0,0.0,0.0,0.0,0.0,0.0,0.0,0.0,0.0,0.0,0.0,0.0,0.0,0.0,0.0,0.2773500981126145,0.0,0.0,0.0,0.0,0.0,0.0,0.0,0.0,0.0,0.0,0.0,0.0,0.0,0.0,0.0,0.0,0.0,0.0,0.0,0.0,0.0,0.0,0.0,0.0,0.0,0.0,0.0,0.0,0.0,0.0,0.0,0.0,0.0,0.0,0.0,0.0,0.0,0.0,0.0,0.0,0.0,0.0,0.0
DAF-00437,0.0,0.12222646627042817,0.0,0.0,0.0,0.0,0.03220968762570114,0.0,0.0,0.0,0.0,0.0,0.0,0.0,0.0,0.0,0.0,0.0,0.0,0.0,0.0,1.0,0.0,0.0,0.0,0.0,0.0,0.0,0.0,0.0,0.0,0.0,0.0,0.0,0.0,0.0,0.055641488407465724,0.0,0.0,0.0712068994916312,0.0,0.0,0.0,0.0,0.0,0.0,0.0,0.0,0.0,0.0,0.0,0.0,0.0,0.0,0.0,0.0848528137423857,0.0,0.0,0.0,0.0,0.0,0.0,0.0,0.043077489517064284,0.0,0.05940885257860046,0.0,0.0,0.0,0.0,0.0,0.0,0.0,0.0,0.0,0.0,0.0,0.0,0.0,0.0,0.0,0.0,0.0,0.0,0.0,0.0,0.0,0.0,0.0,0.0,0.0,0.0,0.0,0.0,0.0,0.0,0.0,0.0,0.0,0.0,0.0
DAF-00350,0.0,0.19235836939854495,0.0,0.0,0.0,0.07541801980050405,0.3161385005054385,0.08837454020503364,0.0,0.2401080729547181,0.024706634677146837,0.0,0.0,0.0,0.15149042896247414,0.0,0.0,0.0,0.06845462448856662,0.0,0.0,0.0,1.0,0.0,0.0,0.0,0.0,0.0,0.0,0.10838718700289873,0.0,0.0,0.048199768219921856,0.06494175892662285,0.0,0.058621038176054914,0.1355888925044329,0.0,0.0,0.0,0.0,0.0,0.0,0.05332859322459773,0.06676875252493801,0.0,0.0,0.0,0.0,0.07965030629335271,0.0,0.0,0.0,0.0,0.0,0.05743665268941904,0.0,0.0,0.0,0.0,0.0,0.048775652068776466,0.0,0.0728976063078915,0.0,0.05026712553389208,0.0,0.0,0.0,0.0,0.0,0.0,0.0,0.0,0.0,0.0,0.0,0.0,0.0,0.0,0.0,0.0,0.0,0.0,0.0,0.0,0.0,0.0,0.0,0.0,0.0,0.0,0.0,0.0,0.0,0.0,0.0,0.0,0.0,0.0,0.0
DHF-01540,0.0,0.0,0.0,0.0,0.0,0.0,0.0,0.0,0.0,0.0,0.0,0.0,0.0,0.0,0.0,0.0,0.0,0.0,0.0,0.0,0.0,0.0,0.0,1.0,0.049765548287622016,0.0,0.0,0.0,0.0,0.0,0.0,0.0,0.0,0.0,0.0,0.0,0.0,0.0,0.0,0.0,0.0,0.0,0.0,0.0,0.0,0.0,0.0,0.0,0.0,0.0,0.0,0.0,0.0,0.0,0.0,0.0,0.0,0.0,0.0,0.0,0.0,0.0,0.0,0.0,0.0,0.0,0.0,0.0,0.0,0.0,0.0,0.0,0.0,0.0,0.0,0.0,0.0,0.0,0.0,0.0,0.0,0.0,0.0,0.0,0.0,0.0,0.0,0.0,0.0,0.0,0.0,0.0,0.0,0.0,0.0,0.0,0.0,0.0,0.0,0.0,0.0
DHF-01528,0.0,0.04132621611321178,0.0,0.0,0.04673317896361899,0.0,0.0,0.020773312081168813,0.05475400745557385,0.0,0.0,0.04852853938179541,0.0,0.03917053290746373,0.0,0.0,0.0,0.0,0.03218187669437446,0.0,0.0,0.0,0.0,0.049765548287622016,1.0,0.0,0.05570015103673432,0.058099289377412676,0.03349900475935268,0.0,0.0,0.0,0.0,0.0,0.0,0.0,0.022132995702469398,0.0,0.0,0.0,0.026069836871927814,0.0863467571827447,0.02255192922465989,0.0,0.0,0.043007023486041816,0.07454710432056394,0.0,0.0,0.0,0.0,0.05003823826470528,0.04624082788543712,0.0,0.0,0.0,0.0,0.0,0.03299817896324631,0.04340120802867591,0.05231552474475615,0.0,0.04154662416233763,0.0,0.0,0.0,0.04510385844931978,0.0,0.0,0.0,0.0,0.0,0.0,0.03674521697397003,0.0,0.0,0.0,0.0,0.053789489888110546,0.0,0.0,0.0,0.1034118952469604,0.0,0.875113012593303,0.0,0.0,0.0,0.0,0.0,0.0,0.0,0.0,0.0,0.02588709088158118,0.0,0.05539549888311683,0.044560120829387456,0.03639640453634656,0.0,0.0
DCF-00173,0.0,0.03905194574193374,0.0,0.0,0.0,0.0,0.0,0.0,0.0,0.0,0.0,0.0,0.0,0.08989331499509895,0.0,0.0,0.0,0.0,0.0,0.0,0.0,0.0,0.0,0.0,0.0,1.0,0.0,0.0,0.04612656040144426,0.0,0.0,0.0,0.0,0.0,0.0,0.0,0.0,0.0,0.0,0.0,0.0,0.03963181333565563,0.0,0.0,0.0,0.0,0.0,0.0,0.09428090415820634,0.0,0.0,0.0956948752938691,0.0,0.15811388300841897,0.0,0.0,0.28401877872187725,0.0,0.0,0.0,0.0,0.0,0.0,0.0,0.0,0.0,0.0,0.0,0.0,0.0,0.0,0.0,0.0,0.0,0.0,0.0,0.0,0.0,0.0,0.0,0.0,0.0,0.0,0.0,0.0,0.0,0.0,0.0,0.0,0.0,0.0,0.0,0.0,0.0,0.11881770515720091,0.0,0.0,0.0,0.0,0.0,0.0
DHF-01332,0.0,0.01711512864596019,0.0,0.0,0.0,0.0,0.0,0.0,0.0,0.0,0.0,0.27760292414333837,0.23338001400466832,0.051708768999501914,0.0,0.2044398826909146,0.0,0.0,0.0,0.0,0.0,0.0,0.0,0.0,0.05570015103673432,0.0,1.0,0.4346134936801766,0.0,0.0,0.0,0.0,0.0,0.0,0.0,0.0,0.0,0.0,0.0,0.0,0.0,0.030396213272982187,0.05292561240249631,0.0,0.0,0.02838664779018298,0.0,0.0,0.0,0.0,0.07800764512385157,0.04403677137750769,0.0,0.0,0.0,0.0,0.0,0.0,0.0,0.0,0.0,0.0,0.3900119595344697,0.0,0.0,0.0,0.0,0.0,0.0,0.0,0.0,0.0,0.0,0.0,0.0,0.0,0.0,0.0,0.09467621366623018,0.0,0.0,0.0,0.18201783862232032,0.4346134936801766,0.0,0.0,0.0,0.0,0.0,0.0,0.0,0.0,0.0,0.0,0.0,0.0,0.0,0.0,0.0,0.0,0.0
DHF-01334,0.0,0.0,0.0,0.0,0.0,0.0,0.0,0.0,0.0,0.0,0.0,0.2227384185558818,0.18257418583505539,0.0,0.0,0.2073221072156823,0.0,0.0,0.0,0.0,0.0,0.0,0.0,0.0,0.058099289377412676,0.0,0.4346134936801766,1.0,0.0,0.0,0.0,0.0,0.0,0.0,0.0,0.0,0.0,0.0,0.0,0.0,0.0,0.0,0.05175491695067657,0.0,0.0,0.0,0.0,0.0,0.0,0.0,0.0,0.0,0.06367145399670132,0.0,0.0,0.0,0.0,0.0,0.0,0.0,0.0,0.0,0.3496029493900505,0.0,0.0,0.0,0.0,0.0,0.0,0.0,0.0,0.0,0.0,0.0,0.0,0.0,0.0,0.0,0.0,0.0,0.0,0.0,0.2034190510862431,0.43333333333333335,0.0,0.0,0.0,0.0,0.21516574145596762,0.0,0.0,0.0,0.0,0.0,0.0,0.0,0.0,0.0,0.0,0.0,0.0
DHF-01030,0.0,0.015439988006221976,0.0,0.0,0.0,0.0,0.0,0.0,0.0,0.0,0.020492262216511868,0.0,0.0,0.04146469423807486,0.0,0.0,0.0,0.0,0.0,0.0,0.0,0.0,0.0,0.0,0.03349900475935268,0.04612656040144426,0.0,0.0,1.0,0.0,0.0,0.0,0.0,0.0,0.0,0.0,0.01874343454133908,0.0,0.0,0.0,0.020697532069923714,0.0,0.0,0.0,0.0,0.0,0.0,0.0,0.0,0.0,0.0,0.0,0.0978981722875541,0.03646624787447364,0.0,0.0,0.05954913341754136,0.0,0.6636858549455117,0.5605064771936374,0.0,0.0,0.0,0.01813889527575926,0.37243819549995194,0.0,0.0,0.0,0.0,0.0,0.0,0.0,0.4340227108624265,0.5640113004585257,0.0,0.051571062312939675,0.0,0.0,0.0,0.05480652053694622,0.0,0.0,0.0,0.0,0.03062370622060069,0.06050198005423233,0.0,0.0,0.0,0.0,0.0,0.0,0.0,0.0,0.03653768035796415,0.0,0.0,0.0,0.0,0.0,0.0
DAF-00283,0.0,0.11649600851904139,0.0,0.0,0.0,0.1132730943577198,0.11461173065484825,0.039819890490142416,0.0,0.060104522490764825,0.0,0.0,0.0,0.0,0.08532339005095652,0.0,0.0,0.0,0.12337741817289975,0.0,0.0,0.0,0.10838718700289873,0.0,0.0,0.0,0.0,0.0,0.0,1.0,0.0,0.0,0.0,0.13005121775247103,0.0,0.08804509063256238,0.09333772176648392,0.0,0.0,0.0,0.0,0.0,0.0,0.0600721298597455,0.10028244211278003,0.0,0.0,0.0,0.0,0.1495371511386448,0.0,0.0,0.0,0.0,0.0,0.0,0.0,0.0,0.0,0.0,0.0,0.0,0.0,0.03284627782435034,0.0,0.0,0.0,0.0,0.0,0.0,0.0,0.0,0.0,0.0,0.0,0.0,0.0,0.0,0.0,0.0,0.0,0.0,0.0,0.0,0.0,0.0,0.0,0.0,0.0,0.0,0.0,0.0,0.0,0.0,0.0,0.0,0.0,0.0,0.0,0.0,0.0
DDF-00078,0.0,0.06832667180756566,0.0,0.0,0.0,0.0,0.04801536737673436,0.0,0.0,0.0,0.0,0.0,0.0,0.0,0.0,0.0,0.0,0.0,0.0,0.0,0.0,0.0,0.0,0.0,0.0,0.0,0.0,0.0,0.0,0.0,1.0,0.0,0.0,0.0,0.0,0.0,0.0,0.0,0.0,0.0,0.0,0.0,0.0,0.0,0.0,0.0,0.0,0.0,0.0,0.0,0.0,0.0,0.0,0.0,0.0,0.0,0.0,0.0,0.0,0.0,0.0,0.0,0.0,0.04816209743009517,0.0,0.0,0.0,0.0,0.0,0.0,0.0,0.0,0.0,0.0,0.0,0.0,0.0,0.0,0.0,0.0,0.0,0.0,0.0,0.0,0.0,0.0,0.0,0.0,0.0,0.0,0.0,0.0,0.0,0.0,0.0,0.0,0.0,0.0,0.0,0.0,0.0
DHF-00847,0.0,0.1329806046506519,0.0,0.0,0.0,0.0,0.0,0.045454545454545456,0.0,0.0,0.0564782494724905,0.0,0.0,0.0,0.0,0.0,0.0,0.0,0.0,0.0,0.0,0.0,0.0,0.0,0.0,0.0,0.0,0.0,0.0,0.0,0.0,1.0,0.0,0.0,0.0,0.0,0.029057819627573304,0.0,0.13655774839978377,0.1032960845948011,0.0,0.0,0.0,0.0,0.0,0.0,0.0,0.0,0.0,0.0,0.0,0.0,0.0,0.0,0.0,0.0,0.0,0.0,0.0,0.0,0.0,0.0,0.0,0.0,0.0,0.0,0.0,0.0,0.0,0.0,0.0,0.0,0.0,0.0,0.0,0.0,0.0,0.0,0.0,0.0,0.0,0.0,0.0,0.0,0.0,0.0,0.0,0.0,0.0,0.0,0.0,0.0,0.0,0.0,0.0,0.0,0.0,0.0,0.0,0.0,0.0
DAF-00375,0.0,0.17044095077082275,0.0,0.0,0.0,0.0,0.15290346596134255,0.041318433837920436,0.0,0.04677482858427089,0.03850428143282595,0.0,0.0,0.0,0.04426718410388723,0.0,0.0,0.0,0.0,0.05416892375217994,0.0,0.0,0.048199768219921856,0.0,0.0,0.0,0.0,0.0,0.0,0.0,0.0,0.0,1.0,0.0,0.0,0.0,0.0792411574519035,0.0,0.0,0.0,0.0,0.0,0.0,0.0,0.0,0.0,0.0,0.0,0.0,0.0,0.0,0.0,0.0,0.0,0.0,0.0,0.0,0.0,0.0,0.0,0.0,0.0,0.0,0.025561787219944943,0.0,0.16451245200745981,0.0,0.0,0.06500270850261593,0.07423832462159248,0.0,0.0,0.0,0.0,0.0,0.0,0.0,0.0,0.0,0.0,0.0,0.0,0.0,0.0,0.0,0.0,0.0,0.0,0.0,0.0,0.0,0.0,0.0,0.0,0.0,0.0,0.0,0.0,0.0,0.0,0.0
DAF-00399,0.0,0.08469100304102797,0.09642365197998376,0.0,0.0,0.15836151649297917,0.06867128475389923,0.07422696190252055,0.0,0.10503645397539192,0.0518785847899556,0.0,0.0,0.0,0.0,0.0,0.0,0.0,0.0,0.0,0.0,0.0,0.06494175892662285,0.0,0.0,0.0,0.0,0.0,0.0,0.13005121775247103,0.0,0.0,0.0,1.0,0.0,0.0,0.03558841556269226,0.0,0.0,0.0,0.0,0.0,0.0,0.0,0.1752499093081954,0.0,0.0,0.0,0.0,0.0,0.0,0.0,0.0,0.0,0.0,0.0,0.0,0.0,0.0,0.0,0.0,0.0,0.0,0.0,0.0,0.0,0.0,0.0,0.0,0.0,0.0,0.0,0.0,0.0,0.0,0.0,0.0,0.0,0.0,0.0,0.0,0.0,0.0,0.0,0.0,0.0,0.0,0.0,0.0,0.0,0.0,0.0,0.0,0.0,0.0,0.0,0.0,0.0,0.0,0.0,0.0
DAF-00420,0.0,0.1336851974832808,0.13191121325277158,0.0,0.0,0.0,0.040262109532126424,0.09791868147508004,0.0,0.06158307988526832,0.0,0.0,0.0,0.0,0.05828155051501961,0.0,0.0,0.0,0.0,0.07987620630283672,0.0,0.0,0.0,0.0,0.0,0.0,0.0,0.0,0.0,0.0,0.0,0.0,0.0,0.0,1.0,0.0,0.1391037210186643,0.0,0.0,0.0,0.0,0.0,0.0,0.06565321642986127,0.0,0.0,0.0,0.0,0.0,0.0,0.0,0.0,0.0,0.0,0.0,0.0,0.0,0.0,0.0,0.0,0.0,0.0,0.0,0.03589790793088691,0.0,0.06188422143604215,0.0,0.0,0.09128709291752768,0.0,0.0,0.0,0.0,0.0,0.0,0.0,0.0,0.0,0.0,0.05423261445466404,0.0,0.0,0.0,0.0,0.0,0.0,0.0,0.0,0.0,0.0,0.0,0.0,0.0,0.0,0.0,0.0,0.0,0.0,0.0,0.0,0.0
DAF-00443,0.0,0.0940899776044379,0.0,0.0,0.0,0.1072112534837795,0.08265009698316582,0.0,0.0,0.132738695597334,0.0,0.0,0.0,0.0,0.1076763804116331,0.0,0.0,0.0,0.1297498240269205,0.0,0.0,0.0,0.058621038176054914,0.0,0.0,0.0,0.0,0.0,0.0,0.08804509063256238,0.0,0.0,0.0,0.0,0.0,1.0,0.08566567549376475,0.0,0.0,0.0,0.0,0.0,0.0,0.0,0.15819299929208316,0.0,0.0,0.0,0.0,0.0,0.0,0.0,0.0,0.0,0.0,0.0,0.0,0.0,0.0,0.0,0.0,0.0,0.0,0.0,0.0,0.0,0.0,0.0,0.0,0.0,0.0,0.0,0.0,0.0,0.0,0.0,0.0,0.0,0.0,0.0,0.0,0.0,0.0,0.0,0.0,0.0,0.0,0.0,0.0,0.0,0.0,0.0,0.0,0.0,0.0,0.0,0.0,0.0,0.0,0.0,0.0
DAF-00288,0.04309971159206156,0.35704528156875526,0.11743577988830127,0.0,0.028015979891655936,0.06199419003899315,0.24493331128658405,0.125917218386151,0.0,0.14254548778213924,0.0902624132328994,0.02545574229995016,0.0,0.0,0.11933769759850177,0.027078723969869815,0.0,0.032736580979424744,0.09753505796206502,0.11682504361340286,0.0,0.055641488407465724,0.1355888925044329,0.0,0.022132995702469398,0.0,0.0,0.0,0.01874343454133908,0.09333772176648392,0.0,0.029057819627573304,0.0792411574519035,0.03558841556269226,0.1391037210186643,0.08566567549376475,1.0,0.04454884406827322,0.0,0.046224008513610366,0.0,0.016104307204925946,0.021030505843376807,0.13150953651221872,0.09147404346350142,0.011279710052011883,0.0,0.0,0.0,0.08729754927846599,0.0,0.0,0.0,0.0,0.0,0.09442673704375605,0.0,0.0,0.02307901428057796,0.018212952314801398,0.0,0.035639075254618575,0.0,0.09587582534345834,0.0,0.12120522267527803,0.0,0.055641488407465724,0.0,0.0,0.08655784229010971,0.0,0.0,0.0,0.0,0.0,0.0,0.0,0.0,0.1086330019854869,0.0,0.055641488407465724,0.0,0.0,0.01517495138385429,0.0,0.0,0.0,0.0,0.03874375950343107,0.0,0.0,0.0,0.0,0.0,0.0,0.0,0.0,0.0,0.0,0.0
DAF-00502,0.0,0.14189626332752475,0.0,0.0,0.0,0.0,0.08596129690236806,0.06968683416725756,0.0,0.0,0.03896432500995984,0.0,0.0,0.0,0.04479608200736647,0.0,0.0,0.0,0.0,0.0,0.0,0.0,0.0,0.0,0.0,0.0,0.0,0.0,0.0,0.0,0.0,0.0,0.0,0.0,0.0,0.0,0.04454884406827322,1.0,0.0,0.09501857794816085,0.0,0.0,0.0,0.0,0.0,0.0,0.0,0.0,0.0,0.0,0.0,0.0,0.0,0.0,0.0,0.0,0.0,0.0,0.0,0.0,0.0,0.0,0.0,0.0,0.0,0.0,0.0,0.0,0.0,0.0,0.0,0.0,0.0,0.0,0.0,0.0,0.0,0.0,0.0,0.0,0.0,0.19215378456610457,0.0,0.0,0.0,0.0,0.0,0.0,0.0,0.16724840200141816,0.0,0.0,0.0,0.0,0.0,0.0,0.0,0.0,0.0,0.0,0.0
DAF-00498,0.0,0.11386026533863143,0.0,0.0,0.0,0.0,0.052640328759672485,0.0,0.0,0.0,0.0,0.0,0.0,0.0,0.0,0.0,0.0,0.0,0.0,0.0,0.0,0.0,0.0,0.0,0.0,0.0,0.0,0.0,0.0,0.0,0.0,0.13655774839978377,0.0,0.0,0.0,0.0,0.0,0.0,1.0,0.18619762564629108,0.0,0.0,0.0,0.0,0.0,0.0,0.0,0.0,0.0,0.0,0.0,0.0,0.0,0.0,0.21926450482675733,0.08320502943378437,0.0,0.0,0.0,0.0,0.0,0.0,0.0,0.05632127170361524,0.0,0.0,0.0,0.0,0.0,0.0,0.0,0.0,0.0,0.0,0.0,0.0,0.0,0.0,0.0,0.0,0.0,0.0,0.0,0.0,0.0,0.0,0.0,0.0,0.0,0.0,0.0,0.0,0.0,0.0,0.0,0.0,0.0,0.0,0.0,0.0,0.0
DHF-01406,0.0,0.1740673539787126,0.0,0.0,0.029877751317741445,0.0,0.025483910993557093,0.041318433837920436,0.0,0.0,0.11551284429847786,0.0,0.0,0.0,0.0,0.0,0.0,0.06982410961735916,0.0,0.04333513900174395,0.0,0.0712068994916312,0.0,0.0,0.0,0.0,0.0,0.0,0.0,0.0,0.0,0.1032960845948011,0.0,0.0,0.0,0.0,0.046224008513610366,0.09501857794816085,0.18619762564629108,1.0,0.0,0.0,0.0,0.0,0.0,0.0,0.0,0.0,0.0,0.0,0.0,0.0,0.0,0.0,0.07961173386514128,0.10070176299560268,0.0,0.0,0.0,0.0,0.0,0.0,0.0,0.0,0.0,0.0,0.0,0.0,0.0866702780034879,0.0,0.06713450866373512,0.0,0.0,0.0,0.0,0.0,0.0,0.0,0.0,0.0,0.0,0.0712068994916312,0.0,0.0,0.0,0.0,0.0,0.0,0.0,0.0,0.0,0.0,0.0,0.0,0.0,0.0,0.0,0.0,0.0,0.0,0.0
DQF-00362,0.12691486339407046,0.01001318227009786,0.0,0.3649305827766635,0.3093678701195281,0.0,0.0,0.0,0.0,0.0,0.0199345449573424,0.0,0.0,0.0,0.0,0.0,0.0,0.0,0.0,0.0,0.0,0.0,0.0,0.0,0.026069836871927814,0.0,0.0,0.0,0.020697532069923714,0.0,0.0,0.0,0.0,0.0,0.0,0.0,0.0,0.0,0.0,0.0,1.0,0.45643706842003823,0.410273743472494,0.0,0.0,0.5757290554836209,0.16632529015269187,0.13156128457924576,0.0,0.0,0.0,0.0,0.0,0.0,0.0,0.0,0.0,0.0,0.0,0.0,0.0,0.0,0.0,0.0,0.0,0.0,0.07741014027782905,0.0,0.0,0.0,0.0,0.0,0.0,0.0,0.0,0.0,0.0,0.0,0.0,0.0,0.0,0.0,0.0,0.0,0.0,0.0,0.054955747908548375,0.23542143442367539,0.0,0.0,0.0,0.0,0.0,0.0,0.0,0.0,0.0,0.0,0.0,0.0,0.0
DAF-00517,0.0467065399339359,0.03095398848076939,0.0,0.38152115551782234,0.3521819856570053,0.0,0.0,0.0,0.0,0.0,0.041082755267633525,0.0,0.0,0.0,0.0,0.0,0.0,0.0,0.0,0.0,0.0,0.0,0.0,0.0,0.0863467571827447,0.03963181333565563,0.030396213272982187,0.0,0.0,0.0,0.0,0.0,0.0,0.0,0.0,0.0,0.016104307204925946,0.0,0.0,0.0,0.45643706842003823,1.0,0.34185686796526216,0.0,0.0,0.6551881851880367,0.22600673623116155,0.0,0.0,0.0,0.0,0.0,0.03364553572809402,0.0,0.0,0.0,0.0,0.0,0.0,0.0,0.0,0.0,0.05038326847934961,0.0,0.0,0.0,0.06837137359305243,0.0,0.0,0.0,0.0,0.13643853602577358,0.0,0.0,0.0,0.0,0.0,0.0,0.04892257250211177,0.0,0.0,0.0,0.0,0.0,0.026311803828815334,0.0,0.12943696033811472,0.18194096973142976,0.0,0.0,0.0,0.0,0.0,0.0,0.0,0.0,0.0,0.0,0.0,0.0,0.0
DAF-00518,0.048795003647426664,0.011549315477920617,0.0,0.29206345641622106,0.19030844390866536,0.0,0.0,0.0,0.0,0.0,0.0,0.0,0.0,0.0,0.0,0.0,0.0,0.0,0.0,0.0,0.0,0.0,0.0,0.0,0.02255192922465989,0.0,0.05292561240249631,0.05175491695067657,0.0,0.0,0.0,0.0,0.0,0.0,0.0,0.0,0.021030505843376807,0.0,0.0,0.0,0.410273743472494,0.34185686796526216,1.0,0.0,0.0,0.4724987359208872,0.3541688016605732,0.086710996952412,0.0,0.0,0.0,0.0,0.0,0.0,0.0,0.0,0.0,0.0,0.0,0.0,0.0,0.0,0.0,0.0,0.0,0.0,0.0,0.0,0.0,0.0,0.0,0.0668153104781061,0.0,0.0,0.0,0.0,0.0,0.0,0.0,0.0,0.0,0.0,0.0,0.0,0.0,0.0,0.06338656910463875,0.15273995249297942,0.0,0.0,0.0,0.0,0.0,0.0,0.0,0.0,0.0,0.0,0.0,0.0,0.0
DAF-00491,0.0,0.18055261447896512,0.059385568684867183,0.0,0.0,0.0,0.10573347964141908,0.045715032088249445,0.0,0.03881402181239959,0.053251790355288126,0.0,0.0,0.0,0.036733163998372564,0.0,0.0,0.0,0.0,0.07191949522280762,0.0,0.0,0.05332859322459773,0.0,0.0,0.0,0.0,0.0,0.0,0.0600721298597455,0.0,0.0,0.0,0.0,0.06565321642986127,0.0,0.13150953651221872,0.0,0.0,0.0,0.0,0.0,0.0,1.0,0.0,0.0,0.0,0.0,0.0,0.0,0.0,0.0,0.0,0.0,0.0,0.0,0.0,0.0,0.0,0.0,0.0,0.0,0.0,0.0,0.0,0.0,0.0,0.0,0.0,0.0,0.0,0.0,0.0,0.0,0.0,0.0,0.0,0.0,0.0,0.0,0.0,0.0,0.0,0.0,0.0,0.0,0.0,0.0,0.0,0.0,0.0,0.0,0.0,0.0,0.0,0.0,0.0,0.0,0.0,0.0,0.0
DAF-00444,0.0,0.12056344366062481,0.0,0.0,0.0,0.12211250217453272,0.07942860040630748,0.0,0.0,0.09719228129551709,0.0,0.0,0.0,0.0,0.09198170767925039,0.0,0.0,0.0,0.17734043940858907,0.04502251688907481,0.0,0.0,0.06676875252493801,0.0,0.0,0.0,0.0,0.0,0.0,0.10028244211278003,0.0,0.0,0.0,0.1752499093081954,0.0,0.15819299929208316,0.09147404346350142,0.0,0.0,0.0,0.0,0.0,0.0,0.0,1.0,0.0,0.0,0.0,0.0,0.1289651760438322,0.0,0.0,0.0,0.0,0.0,0.0,0.0,0.0,0.0,0.0,0.0,0.0,0.0,0.0,0.0,0.0,0.0,0.0,0.0,0.0,0.0,0.0,0.0,0.0,0.0,0.0,0.0,0.0,0.0,0.0,0.0,0.0,0.0,0.0,0.0,0.0,0.0,0.0,0.0,0.0,0.0,0.0,0.0,0.0,0.0,0.0,0.0,0.0,0.0,0.0,0.0
DHF-01530,0.09596105247487252,0.018583423174937774,0.0,0.5098745673377939,0.3685930371871309,0.0,0.0,0.0,0.0,0.0,0.032885723350542136,0.0,0.0,0.0,0.0,0.032885723350542136,0.0,0.0,0.0,0.0,0.0,0.0,0.0,0.0,0.043007023486041816,0.0,0.02838664779018298,0.0,0.0,0.0,0.0,0.0,0.0,0.0,0.0,0.0,0.011279710052011883,0.0,0.0,0.0,0.5757290554836209,0.6551881851880367,0.4724987359208872,0.0,0.0,1.0,0.2954908556134982,0.1395223079123588,0.0,0.0,0.0,0.0,0.039276437324939475,0.0,0.0,0.0,0.0,0.0,0.0,0.0,0.044436216277301,0.0,0.0,0.0,0.0,0.0,0.10216188884775938,0.0,0.0,0.0,0.0,0.14334554477024897,0.0,0.0,0.0,0.0,0.0,0.0,0.04568818563467353,0.0,0.0,0.0,0.0,0.0,0.0,0.0,0.18131936556464984,0.1820490239073311,0.0,0.0,0.0,0.0,0.0,0.0,0.0,0.0,0.0,0.0,0.0,0.0,0.0
DAF-00516,0.0,0.0,0.0,0.14197614717146007,0.06552905481599207,0.0,0.0,0.0,0.0,0.0,0.0,0.0,0.0,0.0,0.0,0.0,0.0,0.0,0.0,0.0,0.0,0.0,0.0,0.0,0.07454710432056394,0.0,0.0,0.0,0.0,0.0,0.0,0.0,0.0,0.0,0.0,0.0,0.0,0.0,0.0,0.0,0.16632529015269187,0.22600673623116155,0.3541688016605732,0.0,0.0,0.2954908556134982,1.0,0.0,0.0,0.0,0.0,0.0,0.0,0.0,0.0,0.0,0.0,0.0,0.0,0.0,0.0,0.0,0.0,0.0,0.0,0.0,0.0,0.0,0.0,0.0,0.0,0.0,0.0,0.0,0.0,0.0,0.0,0.0,0.0,0.0,0.0,0.0,0.0,0.0,0.04259284415143802,0.0,0.0,0.0,0.0,0.0,0.0,0.0,0.0,0.0,0.0,0.0,0.0,0.0,0.0,0.0,0.0
DAF-00512,0.0,0.0,0.0,0.14599183064490293,0.1540171257313038,0.0,0.0,0.0,0.0,0.0,0.0,0.0,0.0,0.0,0.0,0.0,0.0,0.0,0.0,0.0,0.0,0.0,0.0,0.0,0.0,0.0,0.0,0.0,0.0,0.0,0.0,0.0,0.0,0.0,0.0,0.0,0.0,0.0,0.0,0.0,0.13156128457924576,0.0,0.086710996952412,0.0,0.0,0.1395223079123588,0.0,1.0,0.0,0.0,0.0,0.0,0.0,0.0,0.0,0.0,0.0,0.0,0.0,0.0,0.0,0.0,0.0,0.0,0.0,0.0,0.0,0.0,0.0,0.0,0.0,0.21629522817435007,0.0,0.0,0.0,0.0,0.0,0.0,0.0,0.0,0.0,0.0,0.0,0.0,0.0,0.0,0.0,0.0,0.0,0.0,0.0,0.0,0.0,0.0,0.0,0.0,0.0,0.0,0.0,0.0,0.0
DHF-01437,0.0,0.01972421118046462,0.0,0.0,0.0,0.0,0.0,0.0,0.0,0.0,0.0,0.0,0.0,0.3337119062359573,0.0,0.0,0.0,0.0,0.0,0.0,0.0,0.0,0.0,0.0,0.0,0.09428090415820634,0.0,0.0,0.0,0.0,0.0,0.0,0.0,0.0,0.0,0.0,0.0,0.0,0.0,0.0,0.0,0.0,0.0,0.0,0.0,0.0,0.0,0.0,1.0,0.0,0.0,0.3789323733725367,0.0,0.2422406975624772,0.0,0.0,0.3286335345030997,0.0,0.0,0.0,0.0,0.0,0.0,0.0,0.0,0.0,0.0,0.0,0.0,0.0,0.0,0.0,0.0,0.0,0.0,0.0,0.0,0.09428090415820634,0.0,0.0,0.0,0.0,0.0,0.0,0.0,0.11593472394004208,0.0,0.0,0.0,0.0,0.0,0.0,0.0,0.0,0.3220644193264423,0.0,0.0,0.0,0.0,0.16781215551988446,0.0
DAF-00284,0.0,0.09588232870621594,0.0,0.0,0.0,0.18208926018230742,0.07369646026354147,0.0,0.0,0.0,0.0,0.0,0.0,0.0,0.0731516955959455,0.0,0.0,0.0,0.15866576560438353,0.0,0.0,0.0,0.07965030629335271,0.0,0.0,0.0,0.0,0.0,0.0,0.1495371511386448,0.0,0.0,0.0,0.0,0.0,0.0,0.08729754927846599,0.0,0.0,0.0,0.0,0.0,0.0,0.0,0.1289651760438322,0.0,0.0,0.0,0.0,1.0,0.0,0.0,0.0,0.0,0.0,0.0,0.0,0.0,0.0,0.0,0.0,0.0,0.0,0.0,0.0,0.0,0.0,0.0,0.0,0.0,0.0,0.0,0.0,0.0,0.0,0.0,0.0,0.0,0.0,0.0,0.0,0.0,0.0,0.0,0.0,0.0,0.0,0.0,0.0,0.0,0.0,0.0,0.0,0.0,0.0,0.0,0.0,0.0,0.0,0.0,0.0
DCF-00206,0.0,0.0,0.0,0.0,0.0,0.0,0.0,0.0,0.0,0.0,0.0,0.14159136794714974,0.15474611514754325,0.0,0.0,0.18074256993863339,0.0,0.0,0.0,0.0,0.0,0.0,0.0,0.0,0.0,0.0,0.07800764512385157,0.0,0.0,0.0,0.0,0.0,0.0,0.0,0.0,0.0,0.0,0.0,0.0,0.0,0.0,0.0,0.0,0.0,0.0,0.0,0.0,0.0,0.0,0.0,1.0,0.0,0.0,0.0,0.0,0.0,0.0,0.0,0.0,0.0,0.39686563206723136,0.0,0.0,0.0,0.0,0.0,0.0,0.0,0.0,0.0,0.0,0.0,0.0,0.0,0.0,0.0,0.0,0.0,0.3766588923446067,0.0,0.4085297439895141,0.0,0.0,0.0,0.0,0.0,0.0,0.0,0.0,0.0,0.0,0.0,0.0,0.0,0.0,0.0,0.09697622757528539,0.2080203869969375,0.08495482076828985,0.0,0.0
DHF-01436,0.0,0.016016018904674106,0.0,0.0,0.0,0.0,0.016882463566786056,0.0,0.07214791053658227,0.0,0.0,0.0,0.0,0.32258735880781825,0.0,0.0,0.0,0.0,0.0,0.0,0.0,0.0,0.0,0.0,0.05003823826470528,0.0956948752938691,0.04403677137750769,0.0,0.0,0.0,0.0,0.0,0.0,0.0,0.0,0.0,0.0,0.0,0.0,0.0,0.0,0.0,0.0,0.0,0.0,0.0,0.0,0.0,0.3789323733725367,0.0,0.0,1.0,0.0,0.3933978962347216,0.0,0.0,0.2816747403312184,0.0,0.0,0.0,0.0,0.0,0.0,0.0,0.047958581670432134,0.0,0.0,0.0,0.0,0.0,0.0,0.0,0.0,0.0,0.0,0.06419407387663693,0.0,0.15311180047019055,0.0,0.0,0.0,0.0,0.0,0.0,0.03811944860806976,0.11296650882571713,0.0,0.0,0.0,0.0,0.0,0.0,0.0,0.0,0.5002908010197701,0.0,0.0,0.0,0.047958581670432134,0.2919924108914283,0.0
DDF-00122,0.0,0.0,0.0,0.042271868634116104,0.08779756624183897,0.0,0.0,0.0,0.0,0.0,0.0,0.0,0.0,0.04292728552741069,0.0,0.0,0.0,0.0,0.0,0.0,0.0,0.0,0.0,0.0,0.04624082788543712,0.0,0.0,0.06367145399670132,0.0978981722875541,0.0,0.0,0.0,0.0,0.0,0.0,0.0,0.0,0.0,0.0,0.0,0.0,0.03364553572809402,0.0,0.0,0.0,0.039276437324939475,0.0,0.0,0.0,0.0,0.0,0.0,1.0,0.0,0.0,0.0,0.0,0.0,0.0,0.08878560065057217,0.0,0.0,0.0,0.0,0.0,0.0,0.0,0.0,0.0,0.0,0.0,0.0,0.0,0.06711560552140243,0.0,0.0,0.0,0.0,0.0,0.0,0.0,0.0,0.0,0.0,0.05283983579264513,0.06263607679944924,0.0,0.12527215359889848,0.0,0.0,0.0,0.0,0.0,0.0,0.0,0.0,0.0809444658516353,0.0,0.08863799356486772,0.0,0.0
DHF-01438,0.0,0.01323140310062408,0.0,0.0,0.0,0.0,0.0,0.0,0.0,0.0,0.0,0.0,0.0,0.1421338109037403,0.0,0.0,0.0,0.0,0.0,0.0,0.0,0.0,0.0,0.0,0.0,0.15811388300841897,0.0,0.0,0.03646624787447364,0.0,0.0,0.0,0.0,0.0,0.0,0.0,0.0,0.0,0.0,0.0,0.0,0.0,0.0,0.0,0.0,0.0,0.0,0.0,0.2422406975624772,0.0,0.0,0.3933978962347216,0.0,1.0,0.0,0.0,0.2857738033247041,0.0,0.0,0.0472455591261534,0.0,0.0,0.0,0.0,0.0,0.0,0.0,0.0,0.0,0.0,0.0,0.0,0.0,0.0,0.0,0.08838834764831845,0.0,0.0,0.0,0.0,0.0,0.0,0.0,0.0,0.0,0.10369516947304253,0.0,0.0,0.0,0.0,0.0,0.0,0.0,0.0,0.28180093098831727,0.0,0.0,0.0,0.0,0.21442250696755896,0.0
DAF-00499,0.0,0.10249000771134847,0.0,0.0,0.0,0.0,0.04801536737673436,0.0,0.0,0.13219579477176954,0.0,0.0,0.0,0.0,0.0,0.0,0.0,0.0,0.0,0.0,0.0,0.0,0.0,0.0,0.0,0.0,0.0,0.0,0.0,0.0,0.0,0.0,0.0,0.0,0.0,0.0,0.0,0.0,0.21926450482675733,0.07961173386514128,0.0,0.0,0.0,0.0,0.0,0.0,0.0,0.0,0.0,0.0,0.0,0.0,0.0,0.0,1.0,0.09486832980505139,0.0,0.0,0.0,0.0,0.0,0.0,0.0,0.0,0.0,0.0,0.0,0.0,0.0,0.0,0.0,0.0,0.0,0.0,0.0,0.0,0.0,0.0,0.0,0.0,0.0,0.0,0.0,0.0,0.0,0.0,0.0,0.0,0.0,0.0,0.0,0.0,0.0,0.0,0.0,0.0,0.0,0.0,0.0,0.0,0.0
DAF-00488,0.0,0.13828346102446173,0.0,0.0,0.0,0.0,0.07591896180011234,0.0861640436855329,0.0,0.06967330142916175,0.034412360080584264,0.0,0.0,0.0,0.0,0.0,0.0,0.08320502943378437,0.0,0.0,0.0,0.0848528137423857,0.05743665268941904,0.0,0.0,0.0,0.0,0.0,0.0,0.0,0.0,0.0,0.0,0.0,0.0,0.0,0.09442673704375605,0.0,0.08320502943378437,0.10070176299560268,0.0,0.0,0.0,0.0,0.0,0.0,0.0,0.0,0.0,0.0,0.0,0.0,0.0,0.0,0.09486832980505139,1.0,0.0,0.0,0.0,0.0,0.0,0.0,0.0,0.09138115486202572,0.0,0.0560112033611204,0.0,0.0,0.07745966692414834,0.0,0.0,0.0,0.0,0.0,0.0,0.0,0.0,0.0,0.0,0.0,0.0,0.0,0.0,0.0,0.0,0.0,0.0,0.0,0.0,0.0,0.0,0.0,0.0,0.0,0.0,0.0,0.0,0.0,0.0,0.0,0.0
DHF-01439,0.0,0.021606790785072147,0.0,0.0,0.0,0.0,0.0,0.0,0.0,0.0,0.0,0.0,0.0,0.2088931871468374,0.0,0.0,0.0,0.0,0.0,0.0,0.0,0.0,0.0,0.0,0.0,0.28401877872187725,0.0,0.0,0.05954913341754136,0.0,0.0,0.0,0.0,0.0,0.0,0.0,0.0,0.0,0.0,0.0,0.0,0.0,0.0,0.0,0.0,0.0,0.0,0.0,0.3286335345030997,0.0,0.0,0.2816747403312184,0.0,0.2857738033247041,0.0,0.0,1.0,0.0,0.0,0.0,0.0,0.0,0.0,0.0,0.0,0.0,0.0,0.0,0.0,0.0,0.0,0.0,0.0,0.04898979485566356,0.0,0.08660254037844385,0.0,0.0,0.0,0.0,0.0,0.0,0.0,0.0,0.0,0.1016001016001524,0.0,0.0,0.0,0.0,0.0,0.0,0.0,0.0,0.337464595092843,0.0,0.0,0.0,0.0,0.2626128657194451,0.0
DHF-01441,0.0,0.0,0.0,0.0,0.0,0.0,0.0,0.0,0.5090278103806222,0.0,0.0,0.0,0.0,0.0,0.0,0.0,0.0,0.0,0.0,0.0,0.2773500981126145,0.0,0.0,0.0,0.0,0.0,0.0,0.0,0.0,0.0,0.0,0.0,0.0,0.0,0.0,0.0,0.0,0.0,0.0,0.0,0.0,0.0,0.0,0.0,0.0,0.0,0.0,0.0,0.0,0.0,0.0,0.0,0.0,0.0,0.0,0.0,0.0,1.0,0.0,0.0,0.0,0.0,0.0,0.0,0.0,0.0,0.0,0.0,0.0,0.0,0.0,0.0,0.0,0.0,0.0,0.0,0.0,0.0,0.0,0.0,0.0,0.0,0.0,0.0,0.0,0.0,0.0,0.0,0.0,0.0,0.0,0.0,0.0,0.0,0.0,0.0,0.0,0.0,0.0,0.0,0.0
DHF-01038,0.0,0.0,0.0,0.0,0.0,0.0,0.0,0.0,0.0,0.0,0.0,0.0,0.0,0.0,0.0,0.0,0.0,0.0,0.0,0.0,0.0,0.0,0.0,0.0,0.03299817896324631,0.0,0.0,0.0,0.6636858549455117,0.0,0.0,0.0,0.0,0.0,0.0,0.0,0.02307901428057796,0.0,0.0,0.0,0.0,0.0,0.0,0.0,0.0,0.0,0.0,0.0,0.0,0.0,0.0,0.0,0.0,0.0,0.0,0.0,0.0,0.0,1.0,0.5657035277517756,0.0,0.0,0.0,0.0,0.4744009528510841,0.0,0.0,0.0,0.0,0.0,0.0,0.0,0.5020284058947295,0.6226317136928197,0.0,0.0,0.0,0.0,0.0,0.0,0.0,0.0,0.0,0.0,0.0,0.0,0.0,0.0,0.0,0.0,0.0,0.0,0.0,0.0,0.03374196088105538,0.0,0.0,0.0,0.0,0.0,0.0
