,DQF-00358,DQF-00248,DAF-00396,DHF-01055,DHF-01159,DAF-00280,DAF-00349,DAF-00442,DHF-01440,DAF-00351,DAF-00416,DCF-00198,DCF-00199,DCF-00104,DAF-00482,DCF-00197,DC2-00001,DAF-00367,DAF-00281,DAF-00419,DHF-01444,DAF-00437,DAF-00350,DHF-01540,DHF-01528,DCF-00173,DHF-01332,DHF-01334,DHF-01030,DAF-00283,DDF-00078,DHF-00847,DAF-00375,DAF-00399,DAF-00420,DAF-00443,DAF-00288,DAF-00502,DAF-00498,DHF-01406,DQF-00362,DAF-00517,DAF-00518,DAF-00491,DAF-00444,DHF-01530,DAF-00516,DAF-00512,DHF-01437,DAF-00284,DCF-00206,DHF-01436,DDF-00122,DHF-01438,DAF-00499,DAF-00488,DHF-01439,DHF-01441,DHF-01038,DHF-01550,DCF-00203,DAF-00451,DHF-01333,DAF-00448,DHF-01031,DAF-00460,DHF-00826,DAF-00464,DHF-01242,DAF-00385,DAF-00449,DHF-01529,DHF-01029,DHF-01037,DAF-00465,DHF-00927,DAF-00462,DHF-00881,DCF-00205,DAF-00450,DCF-00204,DAF-00504,DR5-00001,DHF-01331,DHF-01512,DCF-00252,DHF-01056,DAF-00255,DHF-00533,DAF-00503,DHF-00890,DHF-00905,DHF-00904,DHF-00894,DCF-00253,DHF-01080,DCF-00087,DCF-00085,DCF-00086,DCF-00254,DHF-00907
DQF-00358,1.0,0.09467621366623018,0.019462473604038074,0.03520893951097651,0.06500270850261593,0.0,0.0069304213200490905,0.044946657497549475,0.029617443887954616,0.025441092565739218,0.031414043121877164,0.0,0.0,0.015891043154093204,0.01203858530857692,0.0,0.03892494720807615,0.0,0.0,0.04714045207910317,0.0,0.051639777949432225,0.013108062627326908,0.05383819020581655,0.020541200750444025,0.0,0.0,0.0,0.021744269101781406,0.0,0.0,0.022473328748774737,0.0,0.027524094128159017,0.0,0.024845199749997663,0.04309971159206156,0.0,0.0,0.0,0.12691486339407046,0.0467065399339359,0.048795003647426664,0.0,0.0,0.09596105247487252,0.0,0.029617443887954616,0.0,0.0,0.0,0.013533299049019168,0.015007505629691604,0.0,0.028867513459481284,0.0,0.0,0.03580574370197165,0.0,0.02817180849095055,0.0,0.020672455764868078,0.0,0.02780639991600243,0.0,0.012782749814122842,0.048795003647426664,0.04303314829119352,0.023570226039551584,0.0,0.018257418583505537,0.0,0.0,0.0149071198499986,0.0,0.0,0.0,0.0,0.0,0.0280056016805602,0.0,0.0,0.023973165074269207,0.0,0.02347262634065101,0.0,0.05773502691896257,0.0,0.0,0.0,0.0,0.0,0.0,0.0,0.0,0.0,0.0,0.036155076303109365,0.019687480773953943,0.0,0.0
DQF-00248,0.09467621366623018,1.0,0.12898433165864914,0.002777874233418822,0.030771051595386713,0.1248328674355025,0.39696836006484865,0.212768967441043,0.049071180301212554,0.18667163946336066,0.29493779699042855,0.00931968068152331,0.0,0.02632881644813372,0.2279535349827936,0.004956937764545018,0.036852666188185466,0.09588232870621594,0.160689880160337,0.26220592141012655,0.030556616567607043,0.12222646627042817,0.19235836939854495,0.012742989998322572,0.04132621611321178,0.03905194574193374,0.01711512864596019,0.01115769878340964,0.015439988006221976,0.11649600851904139,0.06832667180756566,0.1329806046506519,0.17044095077082275,0.08469100304102797,0.1336851974832808,0.0940899776044379,0.35704528156875526,0.14189626332752475,0.11386026533863143,0.1740673539787126,0.01001318227009786,0.03095398848076939,0.011549315477920617,0.18055261447896512,0.12056344366062481,0.018583423174937774,0.009544283519901794,0.0,0.01972421118046462,0.09588232870621594,0.005674221247068296,0.016016018904674106,0.0,0.01323140310062408,0.10249000771134847,0.13828346102446173,0.021606790785072147,0.016949761206030714,0.0063371470670015835,0.00666800040013338,0.0050234768191927005,0.13211031413252305,0.015957672558078225,0.28519883813807645,0.004659840340761655,0.2148144675942848,0.023098630955841234,0.14769031341010072,0.08926159026727712,0.08282943498909671,0.11235531208237516,0.014404527190048097,0.014316425279852692,0.0,0.089200929988258,0.01247468647608533,0.08678652919404432,0.0,0.005165010900444195,0.13920187724940272,0.0,0.07944720307577831,0.017022663741204886,0.0,0.0250008681007694,0.0054881303475414174,0.013665334361513131,0.0054881303475414174,0.007202263595024049,0.12234215627859973,0.0,0.0,0.0,0.0,0.009942991232100195,0.0,0.005319224186026076,0.01711512864596019,0.00931968068152331,0.0,0.0
DAF-00396,0.019462473604038074,0.12898433165864914,1.0,0.0,0.025302269968462875,0.08398387664337816,0.03237195408151635,0.06560798513518475,0.0,0.07427198887778831,0.012227899701112963,0.0,0.0,0.0,0.042174116783665,0.0,0.0,0.05913123959890826,0.040655781409087086,0.04128614119223852,0.0,0.0,0.03061383874613135,0.0,0.0,0.027524094128159017,0.0,0.0,0.0,0.045980048987170286,0.033709993123162106,0.0262431940540739,0.0,0.09642365197998376,0.13191121325277158,0.029012942659282972,0.11743577988830127,0.02414022747926338,0.0,0.03578281334822566,0.0,0.0,0.0,0.059385568684867183,0.04956815970966096,0.0,0.0,0.0,0.0,0.0,0.0,0.0,0.0,0.0,0.0,0.0,0.02132007163556104,0.0,0.0,0.0,0.0,0.07242068243779014,0.0,0.07576538541439333,0.0,0.04478110755198991,0.0,0.0,0.027524094128159017,0.03143473067309657,0.06396021490668312,0.0,0.0,0.0,0.06286946134619315,0.0,0.0,0.0,0.0,0.09811049102515929,0.0,0.0,0.0,0.0,0.0,0.0,0.0,0.0,0.0,0.0262431940540739,0.0,0.0,0.0,0.0642824346533225,0.0,0.0,0.0,0.0,0.0,0.0,0.08703882797784893
DHF-01055,0.03520893951097651,0.002777874233418822,0.0,1.0,0.5492823436123784,0.0,0.0,0.0,0.0,0.0,0.029494803841956824,0.0,0.0,0.0,0.0,0.014747401920978412,0.0,0.0,0.0,0.0,0.0,0.0,0.0,0.0,0.014464677894104182,0.016597653257732305,0.0,0.016597653257732305,0.015311853110300346,0.0,0.0,0.0,0.010788924165398667,0.0,0.0,0.0,0.0050583171279514295,0.0,0.0,0.010788924165398667,0.3649305827766635,0.38152115551782234,0.29206345641622106,0.0,0.0,0.5098745673377939,0.14197614717146007,0.14599183064490293,0.0,0.0,0.0,0.0,0.042271868634116104,0.0262431940540739,0.0,0.0,0.0,0.02521364528296496,0.0,0.009918995010726926,0.0,0.0,0.015825241450517984,0.0,0.0,0.0,0.12026142323020866,0.0,0.016597653257732305,0.0,0.0,0.0642824346533225,0.0,0.0,0.0,0.0,0.0,0.0,0.0,0.009860475355393462,0.0,0.0,0.03376278875946397,0.0,0.008264462809917356,0.0,0.22360679774997896,0.13062203783765447,0.0,0.0,0.0,0.0,0.0,0.0,0.0,0.0,0.047475724351553956,0.025459637891418363,0.041590519181619455,0.0,0.0
DHF-01159,0.06500270850261593,0.030771051595386713,0.025302269968462875,0.5492823436123784,1.0,0.0,0.004504961568674657,0.021912408566100935,0.0,0.0,0.034033298132333134,0.0,0.0,0.0,0.007825406515973,0.0,0.0,0.0,0.0,0.01532128532589739,0.0,0.01678362716593378,0.0,0.0,0.04673317896361899,0.0,0.023501778858208543,0.01532128532589739,0.007067181930127675,0.0,0.018764665626020038,0.014608272377400623,0.009959250439247148,0.0,0.0,0.01615005277038364,0.028015979891655936,0.0,0.0,0.029877751317741445,0.3093678701195281,0.3521819856570053,0.19030844390866536,0.0110189910680315,0.0,0.3685930371871309,0.06552905481599207,0.1540171257313038,0.010833784750435987,0.0,0.0,0.0,0.08779756624183897,0.01211253957778773,0.0,0.0,0.0,0.023274703205786385,0.0,0.009156219276643895,0.0,0.0,0.029216544754801246,0.0,0.012797395739001835,0.008309133600292949,0.09515422195433268,0.0,0.01532128532589739,0.017498140921285422,0.0,0.05933908290969266,0.0,0.0,0.0,0.0,0.0,0.0,0.0,0.01820439962481825,0.0,0.0,0.015583206612078142,0.01532128532589739,0.030515685756243242,0.0,0.16888199063418033,0.18086570557453926,0.0,0.0,0.0,0.0,0.0,0.01789140667411283,0.009102199812409124,0.0,0.014608272377400623,0.011750889429104272,0.02559479147800367,0.0,0.0
DAF-00280,0.0,0.1248328674355025,0.08398387664337816,0.0,0.0,1.0,0.04984324030193146,0.0161627045958809,0.0,0.03659421070489376,0.045185642484658346,0.0,0.0,0.0,0.06926471828716478,0.0,0.0,0.0,0.12519577145903357,0.016951587590520262,0.0,0.037139067635410375,0.07541801980050405,0.0,0.0,0.0,0.0,0.0,0.0,0.1132730943577198,0.0,0.0323254091917618,0.022037982136063,0.15836151649297917,0.0,0.1072112534837795,0.06199419003899315,0.0,0.03641785203646149,0.022037982136063,0.0,0.0,0.0,0.024382992454708537,0.12211250217453272,0.0,0.0,0.0,0.0,0.18208926018230742,0.0,0.0,0.0,0.0,0.0,0.02626128657194451,0.0,0.0,0.0,0.0,0.03052812554363318,0.0,0.0,0.0,0.0,0.018386578283823053,0.0,0.030949223029508647,0.0,0.038720154633118314,0.0,0.0,0.0,0.0,0.0,0.0,0.04794633014853841,0.0,0.0,0.04028297472553804,0.0,0.07427813527082075,0.0,0.0,0.0,0.0,0.0,0.0,0.0,0.0,0.0,0.0,0.0,0.0,0.0,0.0,0.0323254091917618,0.02600254837461719,0.0,0.0,0.0
DAF-00349,0.0069304213200490905,0.39696836006484865,0.03237195408151635,0.0,0.004504961568674657,0.04984324030193146,1.0,0.1635371185276296,0.0,0.18513336483908854,0.06531376626023969,0.0,0.0,0.006607897456376861,0.2302736124687838,0.0,0.016185977040758175,0.052640328759672485,0.0868630678689268,0.09311041032584418,0.017894270903167298,0.03220968762570114,0.3161385005054385,0.011193640237057474,0.008541550537217139,0.00980109582377307,0.0,0.0,0.009041816770312232,0.11461173065484825,0.04801536737673436,0.018689956403157668,0.15290346596134255,0.06867128475389923,0.040262109532126424,0.08265009698316582,0.24493331128658405,0.08596129690236806,0.052640328759672485,0.025483910993557093,0.0,0.0,0.0,0.10573347964141908,0.07942860040630748,0.0,0.0,0.0,0.0,0.07369646026354147,0.0,0.016882463566786056,0.0,0.0,0.04801536737673436,0.07591896180011234,0.015183792360022468,0.0,0.0055666483617014,0.00585727506570071,0.0,0.017192259380473612,0.0,0.11562604008700465,0.0,0.10099241969834155,0.0,0.044735677257918244,0.029403287471319213,0.044774560948229895,0.015183792360022468,0.0,0.0,0.0,0.0,0.0,0.013860842640098181,0.0,0.0,0.029113592845163547,0.0,0.0536828127095019,0.009968648060386293,0.0,0.004880255700863809,0.0,0.0,0.0,0.0,0.056069869209473,0.0,0.0,0.0,0.0,0.0,0.0,0.0,0.0,0.008186552189632018,0.0,0.0
DAF-00442,0.044946657497549475,0.212768967441043,0.06560798513518475,0.0,0.021912408566100935,0.0161627045958809,0.1635371185276296,1.0,0.01996807659577179,0.12864285831551994,0.02823912473624525,0.0,0.0,0.0,0.06493130047435654,0.0,0.0,0.10241831129983783,0.04694525268130202,0.03972760788523301,0.0,0.017407765595569783,0.08837454020503364,0.0,0.020773312081168813,0.015891043154093204,0.012187873735452178,0.0,0.01465998323778475,0.039819890490142416,0.0,0.045454545454545456,0.041318433837920436,0.07422696190252055,0.09791868147508004,0.0167506302543202,0.125917218386151,0.06968683416725756,0.03413943709994594,0.041318433837920436,0.007130498620401955,0.012595817119837403,0.0,0.045715032088249445,0.028618190351607124,0.0,0.0,0.0,0.022473328748774737,0.03413943709994594,0.0,0.0,0.0,0.0,0.03892494720807615,0.0861640436855329,0.0,0.02414022747926338,0.00902550601789804,0.018993429409939658,0.0,0.04181210050035454,0.0,0.10623340232747822,0.0,0.09479940983242018,0.0,0.0,0.015891043154093204,0.054446550648047085,0.012309149097933273,0.0,0.0,0.01005037815259212,0.0,0.0,0.0,0.0,0.0,0.10384755040678714,0.0,0.05222329678670935,0.0,0.0,0.015825241450517984,0.0,0.0,0.0,0.0,0.030303030303030304,0.0,0.0,0.0,0.0,0.0,0.0,0.0,0.012187873735452178,0.0,0.0,0.0
DHF-01440,0.029617443887954616,0.049071180301212554,0.0,0.0,0.0,0.0,0.0,0.01996807659577179,1.0,0.0,0.0,0.0,0.0,0.08471737420873575,0.0,0.0,0.0,0.0,0.0,0.020942695414584774,0.305887645160749,0.04588314677411235,0.0,0.047836487323493986,0.05475400745557385,0.0,0.0,0.0,0.0,0.0,0.0,0.0,0.0,0.0,0.028676966733820218,0.0,0.02553006579329821,0.0,0.0,0.05445327701173301,0.0,0.0,0.0,0.0,0.03771571432023571,0.0,0.0,0.0,0.029617443887954616,0.0,0.0,0.07214791053658227,0.0,0.033113308926626096,0.051298917604257706,0.03244428422615251,0.0,0.5090278103806222,0.0,0.0,0.0,0.0,0.03993615319154358,0.03294217956952912,0.0,0.0,0.0,0.0,0.0,0.0,0.0,0.0,0.0,0.0,0.0,0.0,0.0,0.0,0.0,0.024883630089671975,0.0,0.0,0.0,0.0,0.06256792741924412,0.0,0.0,0.0,0.0,0.0,0.0,0.0,0.0,0.0,0.0,0.0,0.0,0.03212462831016178,0.03498557142706598,0.0,0.0
DAF-00351,0.025441092565739218,0.18667163946336066,0.07427198887778831,0.0,0.0,0.03659421070489376,0.18513336483908854,0.12864285831551994,0.0,1.0,0.02397622736783401,0.0,0.0,0.0,0.1837648579176322,0.0,0.0,0.0,0.05314470910554976,0.03597913814805773,0.0,0.019706585563285865,0.2401080729547181,0.020545535708970802,0.007838858845552176,0.017989569074028863,0.0,0.0,0.0,0.060104522490764825,0.0,0.01715238110873599,0.04677482858427089,0.10503645397539192,0.06158307988526832,0.132738695597334,0.14254548778213924,0.031555791640509485,0.03864779397441557,0.023387414292135447,0.0,0.007129592435307952,0.0,0.03881402181239959,0.09719228129551709,0.0,0.0,0.0,0.0,0.0,0.0,0.0,0.0,0.0,0.13219579477176954,0.06967330142916175,0.013934660285832352,0.0,0.010217388648599704,0.0,0.0,0.07888947910127371,0.0,0.09196527524378753,0.015026130622691206,0.10731835001770904,0.0,0.0,0.0,0.041091071417941605,0.11147728228665882,0.0,0.0,0.011377602479771487,0.020545535708970802,0.0,0.050882185131478436,0.0,0.0,0.06412437942429183,0.0,0.07882634225314346,0.0,0.0,0.0,0.0,0.0,0.0,0.0,0.0,0.0,0.0,0.0,0.0,0.0,0.0,0.0,0.013797369644231547,0.0,0.0,0.0
DAF-00416,0.031414043121877164,0.29493779699042855,0.012227899701112963,0.029494803841956824,0.034033298132333134,0.045185642484658346,0.06531376626023969,0.02823912473624525,0.0,0.02397622736783401,1.0,0.0,0.0,0.0,0.03781806380100323,0.0,0.024455799402225926,0.06362847629757777,0.03281089794448554,0.0962566926358525,0.0,0.016222142113076255,0.024706634677146837,0.0,0.006452821661495842,0.0,0.0,0.0,0.020492262216511868,0.02473853479976467,0.0,0.0564782494724905,0.03850428143282595,0.0518785847899556,0.020277677641345318,0.0,0.0902624132328994,0.03896432500995984,0.031814238148788886,0.11551284429847786,0.0199345449573424,0.041082755267633525,0.007664241743562073,0.053251790355288126,0.026669037353133248,0.032885723350542136,0.0,0.0,0.0,0.031814238148788886,0.01506188082821945,0.008502712798142947,0.018857857160117855,0.02341464528954235,0.01813690625275029,0.034412360080584264,0.0,0.0,0.008410788878156113,0.026549712202679574,0.0,0.025976216673306556,0.0,0.15140865064441336,0.0,0.05621809954278311,0.03065696697424829,0.01351845176089688,0.10366105360784116,0.03382550457458692,0.04588314677411235,0.019117977822546813,0.0,0.0,0.01691275228729346,0.0,0.04188539082916955,0.0,0.0,0.052786150730834015,0.0,0.04866642633922876,0.0,0.0,0.007373700960489206,0.014567913668701625,0.0,0.0,0.0,0.0,0.0,0.0,0.0,0.0,0.017595383576944672,0.0,0.014119562368122625,0.02271554252121273,0.012369267399882335,0.0,0.0
DCF-00198,0.0,0.00931968068152331,0.0,0.0,0.0,0.0,0.0,0.0,0.0,0.0,0.0,1.0,0.686243566496721,0.018771276394456946,0.028441130016985502,0.6432019047938815,0.0,0.0,0.0,0.013921151159742613,0.0,0.0,0.0,0.03179815003744467,0.04852853938179541,0.0,0.27760292414333837,0.2227384185558818,0.025685392793100136,0.0,0.0,0.0,0.0,0.0,0.019062321291575583,0.0,0.02545574229995016,0.0,0.0,0.0,0.01249316966499877,0.022068818567214602,0.014409760442605874,0.0,0.0,0.010304898412622391,0.023816275411477048,0.0,0.019687480773953943,0.0,0.14159136794714974,0.015986193890144045,0.017727598712973542,0.0,0.0,0.02156655464068768,0.0,0.0,0.0,0.0,0.12535305264097504,0.0,0.18582615562066462,0.0,0.0,0.0,0.0,0.0,0.0,0.0,0.0,0.0,0.0,0.0,0.0,0.0,0.0,0.0,0.15466177866794012,0.0,0.12199885626608374,0.0,0.1132730943577198,0.3062653255143375,0.05545402557549261,0.0,0.0,0.0,0.21566554640687682,0.0,0.0,0.0,0.0,0.0,0.016540792339471234,0.0,0.053093187320189895,0.06406221326384731,0.046511627906976744,0.0,0.0
DCF-00199,0.0,0.0,0.0,0.0,0.0,0.0,0.0,0.0,0.0,0.0,0.0,0.686243566496721,1.0,0.020515248496555453,0.03108349360801046,0.7029594915666377,0.0,0.0,0.0,0.015214515486254614,0.0,0.0,0.0,0.034752402342845795,0.026518576139190998,0.0,0.23338001400466832,0.18257418583505539,0.028071730702217298,0.0,0.0,0.0,0.0,0.0,0.020833333333333332,0.0,0.018547162802488575,0.0,0.0,0.0,0.0,0.012059576754873694,0.0157485197087178,0.0,0.0,0.011262289639991433,0.0,0.0,0.02151657414559676,0.0,0.15474611514754325,0.0,0.019374606457303215,0.0,0.0,0.0,0.0,0.0,0.0,0.0,0.19179881852291683,0.0,0.14506471329641488,0.0,0.025416428388767447,0.0,0.0,0.0,0.0,0.034752402342845795,0.0,0.0,0.026028960314767677,0.019245008972987525,0.0,0.0,0.0,0.0,0.253546276418555,0.0,0.16666666666666666,0.0,0.09284766908852594,0.21300321680756462,0.030303030303030304,0.0,0.0,0.0,0.23570226039551584,0.0,0.0,0.0,0.0,0.0,0.0,0.0,0.058025885318565944,0.0,0.05083285677753489,0.0,0.0
DCF-00104,0.015891043154093204,0.02632881644813372,0.0,0.0,0.0,0.0,0.006607897456376861,0.0,0.08471737420873575,0.0,0.0,0.018771276394456946,0.020515248496555453,1.0,0.0,0.01996807659577179,0.0,0.0,0.0,0.011236664374387369,0.12309149097933272,0.024618298195866545,0.0,0.0,0.03917053290746373,0.08989331499509895,0.051708768999501914,0.0,0.04146469423807486,0.0,0.0,0.0,0.0,0.0,0.01538643637241659,0.0,0.006848993768384213,0.0,0.0,0.014608272377400623,0.0,0.017813175400045272,0.011631052629980886,0.0161627045958809,0.0,0.016635504283531655,0.01922366120271981,0.0,0.3337119062359573,0.0,0.022857516044124723,0.32258735880781825,0.04292728552741069,0.1421338109037403,0.027524094128159017,0.017407765595569783,0.2088931871468374,0.06827887419989188,0.012763993017791393,0.026860765467512676,0.0,0.01971041319963609,0.0,0.008837454020503364,0.03754255278891389,0.0,0.023262105259961773,0.0,0.0,0.0,0.0,0.029012942659282972,0.0,0.02842676218074806,0.0,0.1256297269074015,0.0,0.26967994498529685,0.020806259464411975,0.0,0.0,0.0,0.0,0.0,0.022380271087151408,0.0,0.0,0.044215768828538185,0.0,0.0,0.0,0.0,0.0,0.0,0.18691605444209344,0.0,0.0,0.017236256333167305,0.018771276394456946,0.0,0.0
DAF-00482,0.01203858530857692,0.2279535349827936,0.042174116783665,0.0,0.007825406515973,0.06926471828716478,0.2302736124687838,0.06493130047435654,0.0,0.1837648579176322,0.03781806380100323,0.028441130016985502,0.03108349360801046,0.0,1.0,0.03025445104080258,0.0,0.0,0.03772167680771589,0.02553769592276246,0.0,0.037300192329612555,0.15149042896247414,0.0,0.01483721985448948,0.017025130615174973,0.013057679112392698,0.0,0.0,0.08532339005095652,0.04170288281141495,0.016232825118589134,0.04426718410388723,0.019881069312188606,0.05828155051501961,0.1076763804116331,0.11933769759850177,0.04479608200736647,0.018287923898986376,0.0,0.007639377049479517,0.013494735971115406,0.0,0.036733163998372564,0.09198170767925039,0.0126025670893045,0.0,0.0,0.0,0.0731516955959455,0.017316179571791195,0.0,0.0,0.0,0.0,0.013187609467915739,0.013187609467915739,0.0,0.0,0.0,0.0,0.02986405467157765,0.0,0.060254949152376246,0.014220565008492751,0.05539904068158489,0.0,0.01554174680400523,0.034050261230349946,0.0,0.0,0.0,0.014563278388210303,0.0,0.0,0.0,0.0,0.0,0.0,0.06068660849090084,0.0,0.018650096164806278,0.0,0.0,0.016954632877096615,0.0,0.0,0.016748280772542135,0.0,0.03246565023717827,0.0,0.0,0.0,0.0,0.0,0.0,0.0,0.0,0.0,0.0,0.0
DCF-00197,0.0,0.004956937764545018,0.0,0.014747401920978412,0.0,0.0,0.0,0.0,0.0,0.0,0.0,0.6432019047938815,0.7029594915666377,0.01996807659577179,0.03025445104080258,1.0,0.0,0.0,0.0,0.014808721943977308,0.0,0.0,0.0,0.03382550457458692,0.025811286645983367,0.0,0.2044398826909146,0.2073221072156823,0.013661508144341245,0.0,0.0,0.0,0.019252140716412975,0.0,0.020277677641345318,0.0,0.027078723969869815,0.0,0.0,0.0,0.02657939327645653,0.011737930076466722,0.03065696697424829,0.0,0.0,0.032885723350542136,0.0,0.0,0.020942695414584774,0.0,0.18074256993863339,0.0,0.018857857160117855,0.02341464528954235,0.0,0.0,0.0,0.0,0.0,0.0,0.18668326147193273,0.0,0.14119562368122626,0.0,0.02473853479976467,0.0,0.0,0.0,0.0,0.0,0.0,0.0,0.025334729596906996,0.01873171623163388,0.0,0.0,0.0,0.029617443887954616,0.13710212427677043,0.0,0.16222142113076254,0.0,0.0301237616564389,0.14808721943977307,0.029494803841956824,0.0,0.03627381250550058,0.0,0.305887645160749,0.0,0.0,0.0,0.0,0.0,0.035190767153889344,0.0,0.08471737420873575,0.04543108504242546,0.04947706959952934,0.0,0.0
DC2-00001,0.03892494720807615,0.036852666188185466,0.0,0.0,0.0,0.0,0.016185977040758175,0.0,0.0,0.0,0.024455799402225926,0.0,0.0,0.0,0.0,0.0,1.0,0.0,0.0,0.027524094128159017,0.0,0.0,0.03061383874613135,0.0,0.0,0.0,0.0,0.0,0.0,0.0,0.0,0.0,0.0,0.0,0.0,0.0,0.016776539984043038,0.0,0.0,0.0,0.0,0.0,0.0,0.0,0.0,0.0,0.0,0.0,0.0,0.0,0.0,0.0,0.0,0.0,0.0,0.0,0.0,0.0,0.0,0.0,0.0,0.0,0.0,0.0,0.0,0.0,0.0,0.0,0.0,0.06286946134619315,0.0,0.0,0.0,0.0,0.06286946134619315,0.0,0.0778498944161523,0.0,0.0,0.0,0.0,0.0,0.0,0.0,0.0,0.0,0.0,0.0,0.0,0.0,0.0,0.0,0.0,0.0,0.0,0.0,0.0,0.0,0.0,0.0,0.0
DAF-00367,0.0,0.09588232870621594,0.05913123959890826,0.0,0.0,0.0,0.052640328759672485,0.10241831129983783,0.0,0.0,0.06362847629757777,0.0,0.0,0.0,0.0,0.0,0.0,1.0,0.05288858853479451,0.03580574370197165,0.0,0.03922322702763681,0.0,0.0,0.0,0.0,0.0,0.0,0.0,0.0,0.0,0.0,0.04654940641157277,0.0,0.04902903378454601,0.0,0.032736580979424744,0.03140371465106639,0.038461538461538464,0.06982410961735916,0.0,0.0,0.01853123291652753,0.025751310131230238,0.0,0.0,0.0,0.0,0.0,0.038461538461538464,0.0,0.0,0.0,0.0,0.0,0.08320502943378437,0.0,0.0,0.0,0.0,0.0,0.0,0.0,0.02816063585180762,0.0,0.07767356373806174,0.0,0.03268602252303067,0.17902871850985821,0.0,0.027735009811261455,0.0,0.0,0.022645540682891915,0.0,0.0,0.05063696835418333,0.0,0.0,0.0,0.0,0.03922322702763681,0.0,0.0,0.0,0.0,0.0,0.0,0.0,0.03413943709994594,0.0,0.0,0.0,0.0,0.0,0.0,0.0,0.0,0.0,0.0,0.0
DAF-00281,0.0,0.160689880160337,0.040655781409087086,0.0,0.0,0.12519577145903357,0.0868630678689268,0.04694525268130202,0.0,0.05314470910554976,0.03281089794448554,0.0,0.0,0.0,0.03772167680771589,0.0,0.0,0.05288858853479451,1.0,0.03692744729379982,0.0,0.0,0.06845462448856662,0.0,0.03218187669437446,0.024618298195866545,0.018881372801234024,0.0,0.022711148374248088,0.12337741817289975,0.030151134457776358,0.04694525268130202,0.016002560614563885,0.02874797872880345,0.0,0.1297498240269205,0.09753505796206502,0.0,0.0,0.03200512122912777,0.0,0.0,0.0,0.035410711589825554,0.17734043940858907,0.0,0.0,0.0,0.0,0.15866576560438353,0.0,0.01413506985480439,0.0,0.019462473604038074,0.0,0.03813850356982369,0.0,0.0,0.01398225379936557,0.014712247158412491,0.022167554926073633,0.043183351708753044,0.0,0.05808567501533299,0.020562903028816623,0.013351146745863818,0.0,0.022473328748774737,0.024618298195866545,0.0,0.0,0.0,0.0,0.015569978883230457,0.0,0.0,0.06963106238227913,0.0,0.0,0.014625448482542613,0.0,0.0,0.0,0.0,0.024516358635026988,0.0,0.0,0.0,0.0,0.0,0.0,0.0,0.0,0.0,0.0,0.0,0.02347262634065101,0.018881372801234024,0.0,0.0,0.0
DAF-00419,0.04714045207910317,0.26220592141012655,0.04128614119223852,0.0,0.01532128532589739,0.016951587590520262,0.09311041032584418,0.03972760788523301,0.020942695414584774,0.03597913814805773,0.0962566926358525,0.013921151159742613,0.015214515486254614,0.011236664374387369,0.02553769592276246,0.014808721943977308,0.027524094128159017,0.03580574370197165,0.03692744729379982,1.0,0.0,0.018257418583505537,0.01853759994400162,0.0,0.0072624111721765845,0.0,0.0,0.0,0.0076877600669073756,0.013921151159742613,0.020412414523193152,0.015891043154093204,0.05416892375217994,0.0,0.07987620630283672,0.017568209223157664,0.11682504361340286,0.029235267310234306,0.0,0.04333513900174395,0.007478530044942629,0.0,0.017251638983558856,0.07191949522280762,0.04502251688907481,0.0,0.0,0.0,0.0,0.03580574370197165,0.033903175181040524,0.0,0.010611908999450222,0.0,0.0,0.012909944487358056,0.012909944487358056,0.0,0.0,0.0,0.015007505629691604,0.029235267310234306,0.0,0.05898628182297108,0.0,0.07231015260621873,0.0,0.03042903097250923,0.05,0.019034674690672024,0.025819888974716113,0.0,0.0,0.0,0.019034674690672024,0.0,0.023570226039551584,0.0,0.015430334996209192,0.02970442628930023,0.018257418583505537,0.054772255750516606,0.0,0.0,0.008298826628866152,0.0,0.0,0.016395645894598822,0.0,0.04767312946227961,0.0,0.0,0.0,0.019462473604038074,0.0,0.0,0.0,0.012782749814122842,0.0,0.0,0.026352313834736494
DHF-01444,0.0,0.030556616567607043,0.0,0.0,0.0,0.0,0.017894270903167298,0.0,0.305887645160749,0.0,0.0,0.0,0.0,0.12309149097933272,0.0,0.0,0.0,0.0,0.0,0.0,1.0,0.06666666666666667,0.0,0.06950480468569159,0.0,0.0,0.0,0.0,0.0,0.0,0.0,0.0,0.0,0.07106690545187015,0.0,0.0,0.0,0.0,0.0,0.03955938860646178,0.0,0.0,0.0,0.0,0.0,0.0,0.0,0.0,0.04303314829119352,0.0,0.0,0.06988565578146122,0.0,0.048112522432468816,0.0,0.04714045207910317,0.0,0.2773500981126145,0.0,0.0,0.0,0.0,0.0,0.02393193862059127,0.0,0.0,0.0,0.0,0.0,0.0,0.0,0.0,0.0,0.0,0.0,0.06804138174397717,0.0,0.0,0.0,0.0,0.0,0.0,0.0,0.0,0.0,0.0,0.0,0.0,0.0,0.0,0.0,0.0,0.0,0.0,0.036155076303109365,0.0,0.0,0.0,0.0,0.061898446059017294,0.0
DAF-00437,0.051639777949432225,0.12222646627042817,0.0,0.0,0.01678362716593378,0.037139067635410375,0.03220968762570114,0.017407765595569783,0.04588314677411235,0.019706585563285865,0.016222142113076255,0.0,0.0,0.024618298195866545,0.037300192329612555,0.0,0.0,0.03922322702763681,0.0,0.018257418583505537,0.06666666666666667,1.0,0.0,0.0,0.0,0.0,0.0,0.0,0.0,0.0,0.044721359549995794,0.034815531191139566,0.023735633163877067,0.0,0.05,0.03849001794597505,0.055641488407465724,0.0,0.03922322702763681,0.0712068994916312,0.0,0.0,0.0,0.02626128657194451,0.0,0.0,0.0,0.0,0.0,0.0,0.0,0.0,0.0,0.0,0.0,0.0848528137423857,0.0,0.05547001962252291,0.0,0.0,0.0,0.03202563076101743,0.0,0.043077489517064284,0.0,0.05940885257860046,0.0,0.0,0.03651483716701107,0.0,0.0,0.0,0.0,0.0,0.0,0.0,0.0,0.0,0.0,0.0,0.0,0.0,0.0,0.0,0.0,0.0,0.0,0.0,0.0,0.0,0.0,0.0,0.0,0.0,0.0,0.0,0.0,0.0,0.0,0.0,0.0
DAF-00350,0.013108062627326908,0.19235836939854495,0.03061383874613135,0.0,0.0,0.07541801980050405,0.3161385005054385,0.08837454020503364,0.0,0.2401080729547181,0.024706634677146837,0.0,0.0,0.0,0.15149042896247414,0.0,0.03061383874613135,0.0,0.06845462448856662,0.01853759994400162,0.0,0.0,1.0,0.0,0.0,0.0,0.0,0.0,0.008550757235148003,0.10838718700289873,0.0,0.01767490804100673,0.048199768219921856,0.06494175892662285,0.02538365412834048,0.058621038176054914,0.1355888925044329,0.016258550689592154,0.0,0.0,0.0,0.0,0.0,0.05332859322459773,0.06676875252493801,0.0,0.0,0.0,0.0,0.07965030629335271,0.0,0.0,0.0,0.0,0.0,0.05743665268941904,0.0,0.0,0.0,0.0,0.016692188131234503,0.048775652068776466,0.0,0.0728976063078915,0.0,0.05026712553389208,0.0,0.0,0.03707519988800324,0.042342862137586895,0.0,0.0,0.0,0.0,0.021171431068793448,0.0,0.05243225050930763,0.0,0.0,0.022025950844685286,0.0,0.04061384660534476,0.0,0.0,0.0,0.0,0.0,0.0,0.0,0.0,0.0,0.0,0.0,0.0,0.0,0.0,0.01767490804100673,0.014217690134308215,0.0,0.0,0.0
DHF-01540,0.05383819020581655,0.012742989998322572,0.0,0.0,0.0,0.0,0.011193640237057474,0.0,0.047836487323493986,0.020545535708970802,0.0,0.03179815003744467,0.034752402342845795,0.0,0.0,0.03382550457458692,0.0,0.0,0.0,0.0,0.06950480468569159,0.0,0.0,1.0,0.049765548287622016,0.0,0.0,0.0,0.0,0.0,0.0,0.0,0.0,0.0,0.026064301757134346,0.0,0.023204104705092467,0.0,0.0,0.0,0.0,0.0,0.0,0.0,0.0,0.0,0.0,0.0,0.0,0.0,0.0,0.0,0.024239308278185982,0.0,0.0,0.0,0.0,0.05783149319662402,0.0,0.0,0.03427955850955305,0.033389028164708894,0.0,0.0,0.0,0.0,0.0,0.0,0.0,0.043478260869565216,0.0,0.0,0.0,0.0,0.0,0.0,0.0,0.0,0.0,0.0,0.04170288281141495,0.0,0.0,0.0,0.03791171164674086,0.0,0.0,0.0,0.0,0.036297700432031385,0.0,0.03940552031195503,0.0,0.0,0.0,0.0,0.0,0.0,0.06359630007488934,0.0,0.0
DHF-01528,0.020541200750444025,0.04132621611321178,0.0,0.014464677894104182,0.04673317896361899,0.0,0.008541550537217139,0.020773312081168813,0.05475400745557385,0.007838858845552176,0.006452821661495842,0.04852853938179541,0.026518576139190998,0.03917053290746373,0.01483721985448948,0.025811286645983367,0.0,0.0,0.03218187669437446,0.0072624111721765845,0.0,0.0,0.0,0.049765548287622016,1.0,0.029049644688706338,0.05570015103673432,0.058099289377412676,0.03349900475935268,0.024264269690897705,0.0,0.0,0.0,0.016961338288818958,0.0,0.0,0.022132995702469398,0.0,0.0,0.009441527929022715,0.026069836871927814,0.0863467571827447,0.02255192922465989,0.020892357824136742,0.0,0.043007023486041816,0.07454710432056394,0.0,0.010270600375222013,0.0,0.029546255784845828,0.05003823826470528,0.04624082788543712,0.011482880304365634,0.0,0.0,0.0,0.0,0.03299817896324631,0.04340120802867591,0.05231552474475615,0.0,0.04154662416233763,0.011423536856434716,0.024264269690897705,0.0,0.04510385844931978,0.0,0.014524822344353169,0.0,0.0,0.018751465015433733,0.012424517386760656,0.03674521697397003,0.0,0.0,0.0,0.0,0.053789489888110546,0.008629030293860394,0.0318222913670292,0.0318222913670292,0.1034118952469604,0.029049644688706338,0.875113012593303,0.0,0.0,0.0,0.0,0.0,0.0,0.0,0.0,0.0,0.02588709088158118,0.0,0.05539549888311683,0.044560120829387456,0.03639640453634656,0.014773127892422914,0.0
DCF-00173,0.0,0.03905194574193374,0.027524094128159017,0.016597653257732305,0.0,0.0,0.00980109582377307,0.015891043154093204,0.0,0.017989569074028863,0.0,0.0,0.0,0.08989331499509895,0.017025130615174973,0.0,0.0,0.0,0.024618298195866545,0.0,0.0,0.0,0.0,0.0,0.029049644688706338,1.0,0.051130999256491366,0.0,0.04612656040144426,0.0,0.0,0.03178208630818641,0.0,0.0,0.0,0.0,0.010158699444643727,0.0,0.0,0.0,0.014957060089885258,0.03963181333565563,0.0,0.0,0.0,0.012337220169960089,0.0,0.0,0.09428090415820634,0.03580574370197165,0.033903175181040524,0.0956948752938691,0.021223817998900444,0.15811388300841897,0.0,0.0,0.28401877872187725,0.0,0.0,0.03984095364447979,0.030015011259383207,0.0,0.0,0.0,0.05568460463897045,0.018077538151554683,0.0,0.0,0.0,0.0,0.0,0.0,0.0,0.04216370213557839,0.0,0.07453559924999299,0.0,0.06666666666666667,0.0,0.0,0.03651483716701107,0.0,0.0,0.03333333333333333,0.016597653257732305,0.0,0.0,0.0,0.0,0.0,0.0,0.0,0.0,0.0,0.11881770515720091,0.0,0.0,0.0,0.0,0.033903175181040524,0.0
DHF-01332,0.0,0.01711512864596019,0.0,0.0,0.023501778858208543,0.0,0.0,0.012187873735452178,0.0,0.0,0.0,0.27760292414333837,0.23338001400466832,0.051708768999501914,0.013057679112392698,0.2044398826909146,0.0,0.0,0.018881372801234024,0.0,0.0,0.0,0.0,0.0,0.05570015103673432,0.051130999256491366,1.0,0.4346134936801766,0.0235849712559075,0.0,0.0,0.0,0.0,0.0,0.0,0.0,0.015582733612529926,0.0,0.0,0.0,0.022943082850056595,0.030396213272982187,0.05292561240249631,0.018386578283823053,0.0,0.02838664779018298,0.02186870084203477,0.0,0.018077538151554683,0.0,0.07800764512385157,0.04403677137750769,0.032555850669650596,0.0,0.0,0.0,0.03960590171906697,0.0,0.014520228062301072,0.015278308283803521,0.046040925551613085,0.0,0.3900119595344697,0.0,0.0,0.0,0.0,0.0,0.0,0.0,0.0,0.0,0.02186870084203477,0.016169041669088866,0.029197858123689188,0.0,0.0,0.0,0.09467621366623018,0.0,0.0280056016805602,0.0,0.18201783862232032,0.4346134936801766,0.025459637891418363,0.0,0.0,0.0,0.06600983619844496,0.0,0.0,0.0,0.0,0.0,0.030376339970254247,0.0,0.048751494941808714,0.0392156862745098,0.021354071087949105,0.0,0.0
DHF-01334,0.0,0.01115769878340964,0.0,0.016597653257732305,0.01532128532589739,0.0,0.0,0.0,0.0,0.0,0.0,0.2227384185558818,0.18257418583505539,0.0,0.0,0.2073221072156823,0.0,0.0,0.0,0.0,0.0,0.0,0.0,0.0,0.058099289377412676,0.0,0.4346134936801766,1.0,0.015375520133814751,0.0,0.0,0.0,0.0,0.0,0.02282177322938192,0.0,0.0,0.0,0.0,0.0,0.029914120179770517,0.013210604445218543,0.05175491695067657,0.023973165074269207,0.0,0.0,0.0,0.0,0.0,0.0,0.06780635036208105,0.019138975058773818,0.06367145399670132,0.0,0.0,0.0,0.0,0.0,0.01893206114156883,0.0,0.0,0.0,0.3496029493900505,0.0,0.0,0.0,0.0,0.0,0.0,0.0,0.0,0.0,0.028513297425610054,0.021081851067789197,0.0,0.0,0.0,0.0,0.06172133998483677,0.0,0.07302967433402215,0.03651483716701107,0.2034190510862431,0.43333333333333335,0.016597653257732305,0.0,0.0,0.032791291789197645,0.21516574145596762,0.0,0.0,0.0,0.0,0.0,0.019802950859533486,0.0,0.0,0.0,0.027842302319485226,0.0,0.0
DHF-01030,0.021744269101781406,0.015439988006221976,0.0,0.015311853110300346,0.007067181930127675,0.0,0.009041816770312232,0.01465998323778475,0.0,0.0,0.020492262216511868,0.025685392793100136,0.028071730702217298,0.04146469423807486,0.0,0.013661508144341245,0.0,0.0,0.022711148374248088,0.0076877600669073756,0.0,0.0,0.008550757235148003,0.0,0.03349900475935268,0.04612656040144426,0.0235849712559075,0.015375520133814751,1.0,0.012842696396550068,0.0,0.0,0.0,0.0,0.0,0.0,0.01874343454133908,0.013485223234378915,0.0,0.009994504533344623,0.020697532069923714,0.012187194877639222,0.0,0.0,0.0,0.005690735313555803,0.0,0.0,0.021744269101781406,0.0,0.0,0.01765630178140531,0.0978981722875541,0.03646624787447364,0.0,0.0,0.05954913341754136,0.0,0.6636858549455117,0.5605064771936374,0.0,0.0,0.01465998323778475,0.01813889527575926,0.37243819549995194,0.008338546554570999,0.0,0.014035865351108649,0.0,0.0,0.011909826683508273,0.0,0.4340227108624265,0.5640113004585257,0.0,0.051571062312939675,0.0,0.015375520133814751,0.0,0.05480652053694622,0.0,0.016843038421330378,0.03127673715578023,0.0,0.03062370622060069,0.06050198005423233,0.0,0.0,0.03969942227836091,0.0,0.0,0.0,0.0,0.0,0.03653768035796415,0.0,0.01465998323778475,0.0235849712559075,0.025685392793100136,0.015638368577890114,0.048621663832631515
DAF-00283,0.0,0.11649600851904139,0.045980048987170286,0.0,0.0,0.1132730943577198,0.11461173065484825,0.039819890490142416,0.0,0.060104522490764825,0.02473853479976467,0.0,0.0,0.0,0.08532339005095652,0.0,0.0,0.0,0.12337741817289975,0.013921151159742613,0.0,0.0,0.10838718700289873,0.0,0.024264269690897705,0.0,0.0,0.0,0.012842696396550068,1.0,0.0,0.0,0.01809825061715205,0.13005121775247103,0.019062321291575583,0.08804509063256238,0.09333772176648392,0.024419314525275217,0.0,0.0,0.0,0.0,0.0,0.0600721298597455,0.10028244211278003,0.0,0.0,0.0,0.0,0.1495371511386448,0.0,0.0,0.0,0.0,0.0,0.0,0.0,0.0,0.015813365095036135,0.016638958140993042,0.02507061052819501,0.0,0.0,0.03284627782435034,0.0,0.0,0.0,0.0,0.0,0.03179815003744467,0.04313310928137536,0.0,0.0,0.0,0.03179815003744467,0.0,0.0,0.0,0.0,0.03308158467894247,0.0,0.0,0.0,0.0,0.027727012787746304,0.0,0.0,0.0,0.0,0.0,0.0,0.0,0.0,0.0,0.0,0.0,0.026546593660094948,0.021354071087949105,0.0,0.0,0.0
DDF-00078,0.0,0.06832667180756566,0.033709993123162106,0.0,0.018764665626020038,0.0,0.04801536737673436,0.0,0.0,0.0,0.0,0.0,0.0,0.0,0.04170288281141495,0.0,0.0,0.0,0.030151134457776358,0.020412414523193152,0.0,0.044721359549995794,0.0,0.0,0.0,0.0,0.0,0.0,0.0,0.0,1.0,0.03892494720807615,0.053074489243427524,0.0,0.0,0.0,0.012441815044835988,0.0716114874039433,0.043852900965351466,0.0,0.0,0.0,0.0,0.0,0.07352146220938077,0.0,0.0,0.0,0.0,0.0,0.0,0.0,0.0,0.0,0.0,0.03162277660168379,0.0,0.0,0.0,0.0,0.0,0.0,0.0,0.04816209743009517,0.0,0.04428074427700476,0.0,0.0,0.040824829046386304,0.0,0.0,0.0,0.0,0.0,0.0,0.0,0.05773502691896257,0.0,0.0,0.048507125007266595,0.0,0.044721359549995794,0.0,0.0,0.0,0.0,0.0,0.04016096644512494,0.05270462766947299,0.0,0.0,0.0,0.0,0.0,0.0,0.0,0.0,0.0,0.0,0.0,0.0
DHF-00847,0.022473328748774737,0.1329806046506519,0.0262431940540739,0.0,0.014608272377400623,0.0323254091917618,0.018689956403157668,0.045454545454545456,0.0,0.01715238110873599,0.0564782494724905,0.0,0.0,0.0,0.016232825118589134,0.0,0.0,0.0,0.04694525268130202,0.015891043154093204,0.0,0.034815531191139566,0.01767490804100673,0.0,0.0,0.03178208630818641,0.0,0.0,0.0,0.0,0.03892494720807615,1.0,0.020659216918960218,0.0,0.04351941398892446,0.0,0.029057819627573304,0.05574946733380605,0.13655774839978377,0.1032960845948011,0.0,0.0,0.0,0.022857516044124723,0.0,0.0,0.0,0.0,0.0,0.03413943709994594,0.0,0.0,0.0,0.0,0.03892494720807615,0.04923659639173309,0.0,0.0,0.0,0.0,0.0,0.027874733666903025,0.0,0.02499609466528899,0.0,0.0,0.0657951694959769,0.029012942659282972,0.0,0.0,0.024618298195866545,0.041030496993110906,0.0,0.0,0.0,0.0,0.0,0.0,0.0,0.0,0.0,0.034815531191139566,0.0,0.0,0.0,0.0,0.0,0.0,0.0,0.06060606060606061,0.0,0.0,0.0,0.0,0.0,0.0,0.0,0.0,0.0,0.0,0.0
DAF-00375,0.0,0.17044095077082275,0.0,0.010788924165398667,0.009959250439247148,0.022037982136063,0.15290346596134255,0.041318433837920436,0.0,0.04677482858427089,0.03850428143282595,0.0,0.0,0.0,0.04426718410388723,0.019252140716412975,0.0,0.04654940641157277,0.016002560614563885,0.05416892375217994,0.0,0.023735633163877067,0.048199768219921856,0.0,0.0,0.0,0.0,0.0,0.0,0.01809825061715205,0.053074489243427524,0.020659216918960218,1.0,0.025302269968462875,0.014834770727423166,0.022839623660917723,0.0792411574519035,0.0,0.023274703205786385,0.028169014084507043,0.01944498834157844,0.00858725069895903,0.02242806520081283,0.0,0.039021140551928436,0.008019527264405092,0.018534415610053194,0.0,0.0,0.0,0.0,0.0,0.0,0.0,0.0,0.01678362716593378,0.0,0.0,0.0,0.0,0.0,0.0,0.0,0.025561787219944943,0.0,0.16451245200745981,0.02242806520081283,0.03955938860646178,0.06500270850261593,0.07423832462159248,0.01678362716593378,0.0,0.0,0.0,0.0,0.0,0.03064257065179478,0.0,0.0,0.0,0.0,0.023735633163877067,0.0,0.0,0.0,0.0,0.053074489243427524,0.021315227815974374,0.0,0.041318433837920436,0.0,0.0,0.0,0.0,0.0,0.0,0.0,0.0,0.0,0.0,0.0
DAF-00399,0.027524094128159017,0.08469100304102797,0.09642365197998376,0.0,0.0,0.15836151649297917,0.06867128475389923,0.07422696190252055,0.0,0.10503645397539192,0.0518785847899556,0.0,0.0,0.0,0.019881069312188606,0.0,0.0,0.0,0.02874797872880345,0.0,0.07106690545187015,0.0,0.06494175892662285,0.0,0.016961338288818958,0.0,0.0,0.0,0.0,0.13005121775247103,0.0,0.0,0.025302269968462875,1.0,0.026650089544451302,0.08206099398622181,0.03558841556269226,0.0,0.0,0.0,0.0,0.0,0.0,0.027994625547792716,0.1752499093081954,0.0,0.0,0.0,0.0,0.0,0.0,0.0,0.0,0.0,0.0,0.0,0.0,0.0,0.0,0.0,0.0,0.0,0.0,0.015306919373065674,0.0,0.0,0.0,0.0,0.0,0.08891084489487741,0.0,0.0,0.0,0.0,0.0,0.0,0.055048188256318034,0.0,0.0,0.023124864503144014,0.0,0.04264014327112208,0.0,0.0,0.0,0.0,0.0,0.0,0.0,0.0,0.0,0.0,0.0,0.0,0.0,0.0,0.0,0.0,0.0,0.0,0.0
DAF-00420,0.0,0.1336851974832808,0.13191121325277158,0.0,0.0,0.0,0.040262109532126424,0.09791868147508004,0.028676966733820218,0.06158307988526832,0.020277677641345318,0.019062321291575583,0.020833333333333332,0.01538643637241659,0.05828155051501961,0.020277677641345318,0.0,0.04902903378454601,0.0,0.07987620630283672,0.0,0.05,0.02538365412834048,0.026064301757134346,0.0,0.0,0.0,0.02282177322938192,0.0,0.019062321291575583,0.0,0.04351941398892446,0.014834770727423166,0.026650089544451302,1.0,0.0,0.1391037210186643,0.02001601922563589,0.024514516892273006,0.014834770727423166,0.0,0.00904468256615527,0.0,0.06565321642986127,0.0,0.0,0.0,0.0,0.01613743060919757,0.0,0.023211917272131483,0.013103560459023979,0.0,0.0,0.0,0.0,0.017677669529663688,0.03466876226407682,0.0,0.0,0.02054987341316966,0.02001601922563589,0.02175970699446223,0.03589790793088691,0.0,0.06188422143604215,0.0,0.0,0.09128709291752768,0.026064301757134346,0.035355339059327376,0.0,0.0,0.0,0.026064301757134346,0.025515518153991442,0.03227486121839514,0.0,0.021128856368212913,0.05423261445466404,0.0,0.025,0.0,0.02282177322938192,0.0,0.04490132550669373,0.0,0.0,0.029462782549439483,0.0,0.0,0.0,0.0,0.026650089544451302,0.0,0.0,0.0,0.01750350105035012,0.0,0.0,0.036084391824351615
DAF-00443,0.024845199749997663,0.0940899776044379,0.029012942659282972,0.0,0.01615005277038364,0.1072112534837795,0.08265009698316582,0.0167506302543202,0.0,0.132738695597334,0.0,0.0,0.0,0.0,0.1076763804116331,0.0,0.0,0.0,0.1297498240269205,0.017568209223157664,0.0,0.03849001794597505,0.058621038176054914,0.0,0.0,0.0,0.0,0.0,0.0,0.08804509063256238,0.0,0.0,0.022839623660917723,0.08206099398622181,0.0,1.0,0.08566567549376475,0.06163335513613657,0.0,0.0,0.0,0.0,0.0,0.0,0.15819299929208316,0.0,0.0,0.0,0.0,0.07548513560963972,0.0,0.0,0.0,0.0,0.0,0.0,0.0,0.0,0.0,0.0,0.0,0.030816677568068284,0.0,0.01381711120482797,0.0,0.019055398349167647,0.036369648372665396,0.0,0.0,0.040128617695256406,0.05443310539518173,0.0,0.0,0.0,0.0,0.0,0.049690399499995326,0.0,0.0,0.020874143036171647,0.0,0.0769800358919501,0.0,0.0,0.0,0.0,0.0,0.0,0.0,0.0,0.0,0.0,0.0,0.0,0.0,0.0,0.0,0.0,0.0,0.0,0.0
